0,7622
1,5028
1,4592
1,6306
2,0696
9,5387
15,5994
15,1223
4,0948
3,5573
13,815
7,1783
3,6329
8,4862
4,1521
7,6025
4,7564
7,5412
10,7892
23,0797
12,4987
8,72
12,9027
5,7378
9,4541
30,3135
9,4574
29,328
14,0498
13,0834
15,9299
30,881
16,8671
21,843
12,2718
20,0195
15,8795
16,1392
14,1637
24,716
28,0347
20,4188
19,1376
24,9263
35,3125
19,6134
29,2212
28,3585
31,0494
27,9662
27,3249
29,9174
26,4871
35,938
23,6421
28,7602
36,1398
52,835
23,5591
44,8172
44,7821
45,2988
31,8742
37,6234
33,3838
35,8982
38,4827
51,5908
31,849
45,73
36,1799
43,5229
30,9473
37,5654
30,9836
44,3034
30,4897
42,4176
33,2805
48,7542
41,3083
57,4757
35,0483
54,9293
48,495
43,6689
34,126
54,3375
37,0394
56,924
58,6628
64,0648
50,6402
57,9952
57,191
52,5472
37,8401
60,54
43,8732
52,5609
90,0715
58,161
53,5302
46,0475
64,6929
46,9179
58,1045
50,6623
67,9093
78,2631
70,8271
47,3884
60,856
47,6439
82,192
70,3475
65,6429
49,9733
69,4119
70,5183
83,8478
54,0847
87,3589
77,9967
93,71
54,4382
68,892
57,16
96,0664
63,6331
100,288
54,8907
80,938
62,1536
54,2627
87,531
93,6217
60,1136
88,2672
105,1837
63,3889
85,8791
60,261
86,2876
92,2141
60,5801
186,2504
59,4044
84,1477
67,8036
96,3671
63,1609
95,5499
82,9818
110,8244
90,8766
96,4227
85,7567
108,671
68,7527
102,7898
77,1687
104,0754
74,5987
112,299
72,3255
98,3042
93,7379
170,3383
81,7202
84,5192
118,5339
110,5636
94,1248
102,0281
76,0403
126,8615
86,1023
113,8637
105,7557
73,502
121,6208
80,503
104,2843
101,7625
114,0233
130,6157
86,9456
118,2433
102,3567
131,2034
118,4625
117,0905
118,5632
89,9656
140,8463
114,3046
85,0603
136,8811
118,5821
