0,0004
0,0004
0,0006
0,0008
0,0011
0,0013
0,0015
0,0018
0,002
0,0022
0,0025
0,0027
0,003
0,0033
0,0035
0,0038
0,0039
0,0042
0,0045
0,0054
0,0053
0,0051
0,0054
0,0058
0,0059
0,0073
0,0074
0,0076
0,0075
0,0085
0,0088
0,0086
0,0078
0,0082
0,0083
0,0099
0,0096
0,0099
0,0111
0,0095
0,0105
0,0113
0,0104
0,0113
0,0117
0,0119
0,0119
0,0121
0,0132
0,0129
0,0131
0,0131
0,0137
0,0162
0,0144
0,0157
0,0143
0,0147
0,0157
0,0168
0,0168
0,0148
0,0168
0,0169
0,0155
0,0171
0,0192
0,0168
0,0169
0,0189
0,0186
0,0172
0,0195
0,0198
0,0202
0,0185
0,0184
0,0199
0,0202
0,0206
0,021
0,0205
0,0222
0,0228
0,0223
0,0207
0,0227
0,0236
0,0237
0,0248
0,022
0,0238
0,0277
0,0246
0,0228
0,024
0,0252
0,0237
0,0239
0,0237
0,0242
0,0249
0,0252
0,0249
0,0253
0,0252
0,0254
0,027
0,0275
0,0279
0,0281
0,0282
0,0272
0,027
0,0271
0,0273
0,0275
0,0278
0,028
0,0283
0,0287
0,029
0,0291
0,0298
0,0295
0,0296
0,0299
0,0302
0,0304
0,0306
0,0308
0,0311
0,0314
0,0333
0,0317
0,032
0,0323
0,0333
0,0327
0,033
0,0332
0,1336
0,0349
0,034
0,0342
0,0344
0,0346
0,0348
0,035
0,0353
0,0356
0,0363
0,0368
0,0373
0,0366
0,0373
0,0378
0,0379
0,0379
0,0383
0,0384
0,0393
0,0389
0,0388
0,0388
0,0391
0,0415
0,0395
0,0398
0,04
0,0403
0,0439
0,0469
0,041
0,0412
0,0415
0,0416
0,0442
0,0421
0,0423
0,0426
0,0429
0,0431
0,0434
0,0436
0,0439
0,044
0,0443
0,0445
0,0447
0,045
0,0452
0,0455
0,0458
0,0459
0,0462
0,0465
0,0466
0,0476
0,0472
0,0474
0,0476
0,0479
0,0481
0,0483
0,0485
0,0488
0,049
0,0492
0,0495
0,0497
0,05
0,0502
0,0504
0,0514
0,0513
0,0532
0,0524
0,0537
0,0531
0,0535
0,0644
0,0529
0,0528
0,0531
0,0532
0,0569
0,0539
0,0544
0,0542
0,0544
0,0547
0,0549
0,0553
0,0554
0,0556
0,0558
0,0562
0,0563
0,0565
0,0567
0,057
0,0573
0,0584
0,0577
0,058
0,0582
0,0584
0,0587
0,059
0,0593
0,0594
0,0597
0,0624
0,0601
0,0603
0,0606
0,0609
0,0611
0,0613
0,0615
0,0617
0,062
0,0622
0,0633
0,0629
0,063
0,0631
0,0635
0,0636
0,0638
0,0647
0,0643
0,0646
0,0648
0,065
0,0653
0,0656
0,069
0,066
0,0662
0,0665
0,0674
0,067
0,0671
0,0687
0,069
0,0698
0,0695
0,0694
0,0702
0,0689
0,0691
0,0694
0,0695
0,0697
0,0708
0,0706
0,0713
0,3447
0,0737
0,0746
0,0736
0,0742
0,0736
0,0746
0,0736
0,0746
0,0753
0,0764
0,0743
0,0745
0,0754
0,0751
0,1339
0,0788
0,0749
0,0749
0,0756
0,0771
0,0762
0,0759
0,0761
0,0764
0,0768
0,0769
0,0771
0,0791
0,0781
0,1495
0,0782
0,0784
0,0786
0,0788
0,079
0,0858
0,0819
0,0819
0,082
0,0823
0,0825
0,0828
0,083
0,0829
0,0819
0,0816
0,0818
0,0821
0,0822
0,1838
0,0856
0,0854
0,0854
0,0882
0,0862
0,0867
0,0869
0,0871
0,0874
0,0884
0,0878
0,0874
0,0858
0,0919
0,0861
0,0882
0,0885
0,0893
0,0929
0,0894
0,0896
0,0898
0,0902
0,0911
0,0903
0,0972
0,0904
0,0931
0,0909
0,0912
0,0919
0,0924
0,0907
0,093
0,0918
0,0916
0,0939
0,0926
0,0935
0,0927
0,0948
0,0935
0,0952
0,0942
0,0943
0,0948
0,0958
0,0966
0,0966
0,0945
0,0959
0,0973
0,0956
0,0971
0,097
0,0996
0,0961
0,0962
0,0965
0,0967
0,097
0,0984
0,0976
0,0977
0,0978
0,0998
0,0985
0,0986
0,0997
0,0991
0,0993
0,0995
0,0998
0,1
0,1002
0,1014
0,1007
0,101
0,1029
0,1194
0,1185
0,1183
0,1081
0,1055
0,1259
0,125
0,1045
0,1274
0,1058
0,1206
0,108
0,1067
0,1058
0,1075
0,1213
0,1474
0,1335
0,1504
0,1086
0,1309
0,2177
0,1096
0,1531
0,1124
0,1435
0,1413
0,1183
0,1088
0,1118
0,2371
0,1724
0,1112
0,119
0,1128
0,1105
0,1144
0,1107
0,1109
0,1119
0,1119
0,1122
0,1283
0,1122
0,1736
0,1288
0,205
0,1161
0,1131
0,1135
0,114
0,1136
0,1148
0,1153
0,1143
0,1183
0,1148
0,1162
0,1153
0,1969
0,1181
0,1194
0,1165
0,1186
0,1166
0,1168
0,117
0,1176
0,1181
0,118
0,118
0,1182
0,1184
0,1223
0,1231
0,1219
0,1221
0,1199
0,1199
0,12
0,1204
0,1206
0,1208
0,1216
0,1213
0,1222
0,1218
0,122
0,1231
0,1246
0,1253
0,1342
0,1346
0,1339
0,1239
0,1239
0,1258
0,1265
0,1347
0,1275
0,1475
0,1253
0,1258
0,1271
0,1289
0,1298
0,1487
0,1581
0,2303
0,1294
0,1891
0,1508
0,1312
0,1312
0,1758
0,1292
0,1292
0,129
0,1293
0,1334
0,1298
0,13
0,1303
0,1316
0,1388
0,1322
0,1315
0,1315
0,1316
0,1342
0,1321
0,1324
0,1332
0,1328
0,133
0,1333
0,1335
0,1344
0,134
0,1398
0,1349
0,1347
0,1365
0,1352
0,1354
0,1356
0,1359
0,141
0,1364
0,1366
0,1369
0,137
0,138
0,1377
0,1378
0,138
0,1413
0,1385
0,1389
0,1667
0,269
0,1927
0,1441
0,14
0,1402
0,1403
0,1406
0,1409
0,1411
0,1414
0,1422
0,1418
0,1421
0,1422
0,1426
0,1523
0,1431
0,144
0,1457
0,1445
0,144
0,1442
0,1454
0,1447
0,1449
0,1452
0,1458
0,1601
0,3771
0,1674
0,1502
0,1696
0,1612
0,1724
0,153
0,1618
0,1505
0,1517
0,1484
0,1566
0,1487
0,1705
0,1798
0,1559
0,1597
0,1693
0,1529
0,1694
0,1651
0,157
0,1513
0,1512
0,1516
0,1521
0,152
0,1522
0,153
0,1546
0,1529
0,1532
0,1541
0,1537
0,1539
0,1548
0,1545
0,1551
0,1548
0,155
0,1581
0,1571
0,1562
0,1568
0,1583
0,4077
0,157
0,157
0,1574
0,1574
0,1577
0,1582
0,1588
0,1583
0,1586
0,1588
0,1591
0,1593
0,1595
0,1598
0,16
0,1602
0,1613
0,1607
0,161
0,1611
0,1614
0,1625
0,1619
0,1621
0,1726
0,1628
0,1629
0,1631
0,164
0,1636
0,1639
0,1639
0,1652
0,1644
0,1647
0,1649
0,1651
0,1654
0,1657
0,1666
0,1661
0,1664
0,1666
0,1669
0,1679
0,1673
0,1691
0,1679
0,1681
0,1682
0,1685
0,1688
0,169
0,1693
0,1694
0,1697
0,1699
0,17
0,1704
0,1707
0,1709
0,1711
0,1714
0,1716
0,1717
0,1722
0,1733
0,1739
0,1728
0,173
0,1732
0,1742
0,1736
0,1739
0,1742
0,1744
0,1745
0,1749
0,1753
0,1754
0,1763
0,1778
0,1761
0,1762
0,1766
0,1773
0,1771
0,18
0,2138
0,228
0,2331
0,1815
0,1787
0,1795
0,18
0,1823
0,1811
0,1796
0,1819
0,1802
0,1804
0,1823
0,1812
0,1811
0,1816
0,183
0,1836
0,1855
0,1834
0,1839
0,1842
0,1839
0,1832
0,1839
0,1897
0,1851
0,1842
0,1868
0,1848
0,1848
0,185
0,1852
0,2513
0,3723
0,1871
0,1861
0,1865
0,1867
0,1893
0,1872
0,1883
0,1876
0,1878
0,1907
0,1884
0,1886
0,1894
0,1891
0,1893
0,1901
0,1898
0,1901
0,1902
0,1912
0,1941
0,1909
0,1913
0,1914
0,1917
0,192
0,1922
0,1924
0,1932
0,194
0,1931
0,1934
0,1936
0,1944
0,1941
0,1955
0,1951
0,1946
0,1949
0,1951
0,1955
0,1956
0,1966
0,1967
0,1963
0,1975
0,1976
0,1969
0,1974
0,1975
0,1977
0,1988
0,1983
0,1986
0,1995
0,199
0,1992
0,1995
0,1996
0,2
0,2002
0,2003
0,2012
0,2014
0,2012
0,2021
0,2024
0,2018
0,202
0,2028
0,2025
0,2026
0,203
0,2033
0,2034
0,2047
0,2046
0,2042
0,2044
0,2046
0,2048
0,2051
0,2053
0,2056
0,206
0,2063
0,2062
0,2065
0,2068
0,2076
0,208
0,2083
0,2078
0,2079
0,2082
0,2084
0,2086
0,2088
0,2091
0,2094
0,2096
0,2102
0,2101
0,2104
0,2105
0,2108
0,2109
0,2113
0,2116
0,2124
0,2126
0,213
0,2126
0,2127
0,2129
0,2132
0,2135
0,2136
0,214
0,215
0,2142
0,2146
0,2147
0,2152
0,2152
0,2155
0,2158
0,2161
0,2162
0,2165
0,2167
0,2169
0,2171
0,2175
0,2176
0,2178
0,2181
0,2183
0,2187
0,2189
0,2191
0,2192
0,2196
0,2198
0,22
0,2202
0,2205
0,2206
0,222
0,2213
0,2215
0,2232
0,2219
0,2225
0,2225
0,2244
0,2259
0,223
0,2233
0,2235
0,2255
0,2257
0,2242
0,2247
0,2247
0,2265
0,2267
0,2253
0,2256
0,2262
0,2278
0,2266
0,2268
0,2269
0,2271
0,2274
0,2275
0,228
0,2288
0,2283
0,2285
0,2287
0,2288
0,2293
0,2294
0,2322
0,23
0,2301
0,2305
0,2308
0,2309
0,231
0,2446
0,2712
0,2946
0,2977
0,2378
0,2451
0,2357
0,2473
0,2346
0,2363
0,2388
0,2367
0,2358
0,2363
0,2399
0,2367
0,2388
0,2366
0,2373
0,2359
0,236
0,2365
0,2366
0,2396
0,2371
0,2372
0,2381
0,2384
0,238
0,2382
0,2395
0,2388
0,239
0,2391
0,2393
0,2396
0,2398
0,2408
0,2443
0,2421
0,2409
0,241
0,2415
0,2417
0,2419
0,242
0,243
0,2432
0,2434
0,2432
0,2432
0,2433
0,2437
0,2438
0,244
0,2443
0,2446
0,2452
0,2459
0,2459
0,2455
0,2458
0,2459
0,2462
0,2463
0,2486
0,2474
0,2477
0,2473
0,2475
0,2479
0,2502
0,2483
0,2486
0,2489
0,2496
0,2494
0,2495
0,2497
0,25
0,2502
0,2517
0,2513
0,2515
0,2521
0,2564
0,2518
0,2519
0,252
0,2531
0,2532
0,2528
0,2538
0,5156
0,2535
0,2575
0,2541
0,2543
0,3257
0,2551
0,255
0,2552
0,2554
0,2556
0,2569
0,2586
0,2572
0,2566
0,257
0,2584
0,2586
0,2661
0,2628
0,2579
0,2582
0,2597
0,26
0,259
0,2593
0,2599
0,2597
0,2598
0,2636
0,2608
0,3124
0,3188
0,3341
0,3337
0,335
0,319
0,4113
0,3182
0,2626
0,2628
0,5954
0,2632
0,2634
0,267
0,2639
0,2643
0,2651
0,2646
0,2648
0,2654
0,2653
0,2662
0,2758
0,2661
0,2698
0,2665
0,2668
0,2671
0,2707
0,2676
0,2677
0,2685
0,2682
0,2716
0,2687
0,2689
0,2711
0,2695
0,2695
0,2699
0,2699
0,2703
0,2738
0,2708
0,2716
0,2711
0,2715
0,2718
0,2721
0,2735
0,2724
0,2727
0,2728
0,2731
0,2741
0,2748
0,274
0,2747
0,2744
0,2744
0,2749
0,276
0,3211
0,3289
0,3463
0,2766
0,2814
0,2829
0,3051
0,2812
0,286
0,2831
0,407
0,2788
0,2793
0,3136
0,3036
0,2801
0,2864
0,2851
0,2875
0,2894
0,2844
0,3022
0,2863
0,2807
0,2809
0,282
0,2814
0,2829
0,2824
0,2822
0,2824
0,2826
0,2845
0,6193
0,2833
0,2844
0,2838
0,284
0,2842
0,2881
0,2848
0,2849
0,2853
0,2862
0,2856
0,2917
0,2919
0,2902
0,2895
0,2886
0,287
0,2911
0,2895
0,289
0,2879
0,2882
0,2895
0,2925
0,2891
0,2898
0,2894
0,2897
0,2902
0,2902
0,2909
0,2905
0,2907
0,2934
0,2919
0,2915
0,2918
0,2926
0,2922
0,2925
0,2938
0,2936
0,2933
0,2934
0,2971
0,2963
0,2942
0,2943
0,2954
0,2948
0,295
0,296
0,2955
0,2958
0,2961
0,2962
0,2965
0,2972
0,297
0,2971
0,2981
0,2977
0,2981
0,2998
0,2983
0,299
0,2994
0,2994
0,358
0,2996
0,3
0,3002
0,3003
0,3013
0,3009
0,301
0,3017
0,3014
0,3017
0,3033
0,3023
0,304
0,3026
0,3029
0,3052
0,3033
0,3035
0,3079
0,304
0,309
0,3045
0,3049
0,3078
0,3086
0,3055
0,3056
0,3081
0,3064
0,3064
0,3074
0,3069
0,3073
0,3079
0,3083
0,3078
0,3087
0,3089
0,3085
0,3088
0,3096
0,3092
0,3095
0,3102
0,31
0,3102
0,3612
0,3711
0,3446
0,3401
0,3269
0,316
0,3171
0,3132
0,3183
0,3142
0,3454
0,3222
0,3688
0,3145
0,3305
0,3682
0,3477
0,3159
0,3147
0,3155
0,3152
0,714
0,3163
0,3159
0,3203
0,3163
0,4423
0,3176
0,3171
0,3199
0,3175
0,3178
0,318
0,3182
0,319
0,3188
0,3191
0,319
0,3195
0,3198
0,3212
0,3201
0,3204
0,3237
0,3208
0,3217
0,3212
0,3216
0,3219
0,3222
0,325
0,3238
0,3296
0,3256
0,3307
0,3315
0,3264
0,3256
0,3262
0,3326
0,3248
0,333
0,331
0,326
0,3271
0,3261
0,3309
0,3267
0,3384
0,3342
0,336
0,3311
0,3276
0,3288
0,3298
0,3283
0,3283
0,3287
0,3295
0,3299
0,3454
0,3466
0,3298
0,33
0,3336
0,3304
0,3312
0,3356
0,3314
0,3335
0,3316
0,632
0,3362
0,3323
0,3369
0,3329
0,3338
0,3333
0,3343
0,3344
0,3341
0,3343
0,3351
0,3361
0,335
0,3364
0,3356
0,3377
0,3358
0,3372
0,3364
0,7609
0,3367
0,3387
0,3374
0,3382
0,3378
0,3386
0,3384
0,3391
0,3387
0,4913
0,3397
0,3575
0,3397
0,3417
0,3402
0,3433
0,3406
0,3418
0,3411
0,3419
0,3417
0,3419
0,3421
0,3423
0,3425
0,3428
0,3429
0,344
0,3434
0,3527
0,3444
0,346
0,3526
0,3622
0,3562
0,3459
0,3627
0,3503
0,3546
0,3475
0,4269
0,3473
0,3468
0,3471
0,3473
0,3475
0,3492
0,371
0,3483
0,3516
0,3551
0,3495
0,3499
0,3494
0,3496
0,3504
0,3508
0,3997
0,3506
0,3509
0,3512
0,3525
0,3523
0,3517
0,3524
0,353
0,3525
0,3687
0,3529
0,3532
0,3535
0,355
0,3546
0,3542
0,355
0,3547
0,3577
0,3558
0,3559
0,3556
0,3558
0,3561
0,3563
0,3571
0,3567
0,3576
0,3571
0,3618
0,3576
0,3586
0,358
0,3591
0,3587
0,359
0,3592
0,3593
0,3602
0,3608
0,3599
0,3604
0,3612
0,3608
0,3622
0,3612
0,3613
0,3624
0,3618
0,3642
0,3623
0,3628
0,363
0,3636
0,3633
0,3641
0,3636
0,3641
0,3897
0,3673
0,3648
0,3656
0,3657
0,3655
0,3663
0,3659
0,3661
0,367
0,3672
0,3669
0,371
0,3673
0,3682
0,3684
0,3681
0,3684
0,3691
0,3689
0,3696
0,3707
0,3695
0,3697
0,3705
0,3703
0,3705
0,3707
0,3714
0,3761
0,3713
0,3722
0,3719
0,3722
0,3763
0,3725
0,3763
0,373
0,405
0,3752
0,3755
0,3887
0,3781
0,3847
0,3862
0,4119
0,4183
0,4009
0,3804
0,482
0,3857
0,3779
0,3776
0,3767
0,8499
0,4252
0,3848
0,3848
0,3799
0,383
0,3783
0,3791
0,3845
0,4142
0,3803
0,3803
0,3834
0,3802
0,3803
0,3835
0,3809
0,3813
0,4025
0,3905
0,3888
0,3828
0,384
0,3825
0,3827
0,3832
0,3838
0,3885
0,3839
0,3843
0,3841
0,3846
0,3844
0,3851
0,3856
0,3851
0,3922
0,3862
0,3865
0,3863
0,3864
0,3879
0,391
0,3877
0,3874
0,403
0,3887
0,39
0,3924
0,3891
0,3896
0,389
0,3893
0,3895
0,8994
0,395
0,3915
0,3908
0,3906
0,3923
0,3915
0,3914
0,3917
0,3933
0,398
0,3936
0,3926
0,3929
0,3967
0,3946
0,3937
0,3935
0,3984
0,3985
0,3952
0,3982
0,3951
0,3959
0,3962
0,3955
0,4358
0,4029
0,3966
0,3991
0,4102
0,3971
0,3975
0,3998
0,4029
0,3982
0,3984
0,4024
0,3988
0,3991
0,3994
0,4042
0,4128
0,4152
0,4152
0,4057
0,4071
0,4125
0,4076
0,4287
0,4222
0,402
0,4019
0,5165
0,4026
0,4064
0,4032
0,4127
0,4214
0,4066
0,4073
0,4247
0,4059
0,4085
0,4052
0,405
0,4086
0,4092
0,4065
0,4061
0,4086
0,4115
0,4067
0,4071
0,4118
0,4112
0,4076
0,4079
0,4086
0,4084
0,4087
0,4097
0,4125
0,4094
0,4098
0,4111
0,415
0,411
0,412
0,4144
0,4759
0,4604
0,4543
0,5013
0,492
0,4182
0,414
0,4612
0,4139
0,4145
0,4146
0,4137
0,4138
0,4173
0,4153
0,4154
0,6449
0,4166
0,4202
0,4198
0,4158
0,4161
0,4164
0,4167
0,4192
0,421
0,4172
0,4179
0,4183
0,4218
0,4181
0,4183
0,4872
0,4239
0,4825
0,4204
0,441
0,4199
0,4199
0,4258
0,4247
0,4253
0,4213
0,4213
0,4224
0,4216
0,4221
0,4239
0,4225
0,4227
0,423
0,423
0,4279
0,4237
0,4237
0,4255
0,4303
0,4323
0,4843
0,4466
0,4342
0,4268
0,4908
0,5919
0,4334
0,427
2,7762
0,4342
0,4373
0,428
0,4319
0,4291
0,4282
0,4282
0,489
0,4289
0,4292
0,4292
0,4296
0,4297
0,4299
0,4303
0,4303
0,4321
0,4315
0,4801
0,435
0,4315
0,4321
0,4322
0,4324
0,4325
0,4327
0,4333
0,4333
0,4349
0,4351
0,4352
0,4345
0,435
0,4382
0,4361
0,5286
0,4357
0,4535
0,4367
0,4395
0,4406
0,4391
0,4369
0,437
0,4376
0,438
0,4378
0,4428
0,4409
0,4422
0,4394
0,44
0,4423
0,4405
0,4398
0,4431
0,4402
0,4411
0,4411
0,4414
0,4419
0,4423
0,4414
0,4418
0,4422
0,4455
0,4438
0,4427
0,4434
0,4435
0,4435
0,4472
0,4437
0,4486
0,4446
0,4446
0,4449
0,4463
0,4454
0,4456
0,4461
0,4507
0,4465
0,45
0,4464
0,4483
0,4489
0,4488
0,4946
0,4716
0,4492
0,4531
0,4506
0,4515
0,4677
0,4585
0,5191
0,4644
0,4506
0,4506
0,4504
0,4534
0,4516
0,4517
0,5073
0,4526
0,453
0,4532
0,4537
0,4527
0,4675
0,4532
0,4569
0,4541
0,4544
0,4547
0,4595
0,4768
0,4558
0,4574
0,4564
0,459
0,4598
0,4601
0,4742
0,4571
0,4574
0,4574
0,4578
0,4579
0,4577
0,4578
0,4589
0,4583
0,4584
0,4588
0,459
0,4592
0,4596
0,4614
0,4608
0,4607
0,4624
0,4607
0,4606
0,4613
0,4613
0,4617
0,4621
0,4623
0,4623
0,4625
0,4629
0,463
0,4632
0,4635
0,4684
0,4653
0,4642
0,4644
0,4649
0,4646
0,4651
0,4665
0,4693
0,4663
0,466
0,4662
0,4665
0,4667
0,468
0,4685
0,4682
0,4676
0,4679
0,4683
0,4686
0,4712
0,4697
0,4715
0,4701
0,4699
0,4697
0,4698
0,5502
0,4766
0,4786
0,4788
0,4836
0,5077
0,4948
0,5184
0,4747
