0,0004
0,0004
0,0006
0,0008
0,0011
0,0014
0,0016
0,0019
0,0021
0,0023
0,0026
0,0028
0,0031
0,0033
0,0035
0,0038
0,004
0,0043
0,0045
0,0048
0,0051
0,0053
0,0054
0,0057
0,0059
0,0062
0,0064
0,0067
0,0069
0,0071
0,0074
0,0076
0,0078
0,0081
0,0082
0,0088
0,0088
0,009
0,0094
0,0098
0,0099
0,01
0,0103
0,0104
0,0113
0,0109
0,0111
0,0113
0,0116
0,0118
0,0122
0,0126
0,0124
0,0134
0,013
0,0131
0,0142
0,0138
0,0142
0,0144
0,016
0,0146
0,0151
0,0152
0,0157
0,0158
0,0165
0,0162
0,0164
0,017
0,0172
0,0177
0,0173
0,0174
0,0176
0,0182
0,0187
0,0183
0,0186
0,0197
0,0199
0,0196
0,0205
0,0207
0,02
0,0203
0,0207
0,0211
0,0216
0,0216
0,0229
0,022
0,0225
0,0224
0,023
0,0228
0,0235
0,0238
0,0247
0,0243
0,0243
0,0245
0,0246
0,0251
0,0252
0,0253
0,0254
0,0261
0,0266
0,026
0,0261
0,0263
0,0266
0,0268
0,0271
0,0273
0,0277
0,0277
0,028
0,0282
0,0286
0,0287
0,029
0,0308
0,0298
0,0298
0,0299
0,0301
0,0329
0,0323
0,0319
0,0311
0,0322
0,0316
0,0317
0,0325
0,0329
0,0326
0,0327
0,033
0,0332
0,0334
0,0336
0,0339
0,0342
0,0355
0,0347
0,0355
0,0355
0,0358
0,0356
0,0358
0,0361
0,0363
0,0367
0,0376
0,0392
0,0407
0,0376
0,0386
0,0391
0,0388
0,0386
0,0395
0,0394
0,0399
0,0399
0,0398
0,0412
0,0406
0,0426
0,0439
0,0416
0,0412
0,0426
0,0433
0,0425
0,0422
0,0423
0,0441
0,0454
0,0429
0,0443
0,0448
0,045
0,0453
0,0456
0,0455
0,0457
0,0461
0,0464
0,0467
0,0481
0,0472
0,0471
0,0478
0,0477
0,0482
0,0485
0,0487
0,049
0,049
0,0495
0,0501
0,0494
0,0509
0,0488
0,049
0,0493
0,05
0,0508
0,0514
0,0515
0,0514
0,0516
0,0526
0,0522
0,0531
0,0518
0,0519
0,052
0,0523
0,0526
0,0528
0,053
0,0532
0,0535
0,0537
0,054
0,0551
0,0545
0,0547
0,0549
0,0552
0,1309
0,0562
0,0559
0,0573
0,0564
0,0565
0,0568
0,0604
0,0573
0,0575
0,0578
0,0616
0,0583
0,0584
0,0586
0,0598
0,0591
0,0595
0,06
0,0599
0,0601
0,0604
0,0605
0,0608
0,0611
0,0625
0,0615
0,0617
0,062
0,1426
0,141
0,0627
0,0629
0,0632
0,0634
0,0636
0,0638
0,0641
0,0644
0,0646
0,0648
0,0651
0,0791
0,0658
0,0663
0,067
0,0667
0,0689
0,0759
0,0683
0,0701
0,0684
0,0684
0,0686
0,0697
0,0703
0,0692
0,0702
0,0704
0,3679
0,0812
0,0723
0,0714
0,0727
0,0726
0,0729
0,0727
0,0724
0,0733
0,0733
0,0738
0,1318
0,0748
0,074
0,0747
0,076
0,0738
0,0761
0,0738
0,0752
0,0744
0,0745
0,0748
0,0753
0,0768
0,0761
0,0757
0,0768
0,0767
0,0764
0,0766
0,0788
0,0781
0,0785
0,0786
0,0798
0,0799
0,0818
0,0799
0,0794
0,0792
0,0793
0,0799
0,0798
0,0801
0,0823
0,0804
0,0807
0,0809
0,0812
0,0814
0,0816
0,0818
0,082
0,0837
0,0826
0,0847
0,083
0,0832
0,0843
0,0837
0,084
0,0842
0,0844
0,0847
0,0849
0,0858
0,0858
0,0879
0,0883
0,0887
0,0865
0,0866
0,0996
0,1041
0,0897
0,2105
0,1128
0,0908
0,0893
0,0887
0,0921
0,0889
0,0903
0,0893
0,0906
0,09
0,0903
0,0932
0,0941
0,093
0,0955
0,0934
0,0949
0,0951
0,1665
0,0947
0,0947
0,0954
0,0949
0,1286
0,0976
0,0958
1,0941
0,0984
0,0977
0,0961
0,0949
0,0967
0,0973
0,0955
0,0958
0,0961
0,0962
0,0981
0,0977
0,097
0,1012
0,0976
0,1006
0,1025
0,1005
0,0983
0,0986
0,0988
0,0992
0,0995
0,0996
0,0998
0,1003
0,1003
0,1005
0,1008
0,1009
0,1012
0,1014
0,1017
0,102
0,1023
0,1048
0,1027
0,1028
0,1031
0,1052
0,1037
0,104
0,104
0,1053
0,1046
0,1063
0,1051
0,1849
0,1085
0,1061
0,106
0,1065
0,1064
0,1077
0,1069
0,1088
0,1077
0,1076
0,1078
0,1082
0,1084
0,1087
0,1099
0,1091
0,1104
0,1117
0,112
0,1104
0,1125
0,1117
0,1108
0,1109
0,1118
0,1114
0,1117
0,1125
0,1128
0,115
0,1153
0,1196
0,1162
0,1164
0,1161
0,1163
0,116
0,1169
0,1188
0,2588
0,1152
0,1151
0,116
0,1156
0,1165
0,1161
0,1171
0,1165
0,1174
0,117
0,1179
0,1182
0,1178
0,1181
0,1182
0,1184
0,1187
0,1189
0,1202
0,1194
0,1197
0,1214
0,1202
0,1346
0,1241
0,1231
0,1211
0,1215
0,1215
0,1232
0,1254
0,1389
0,1226
0,1237
0,123
0,1232
0,2137
0,1268
0,1261
0,1291
0,1591
0,13
0,1266
0,1294
0,1479
0,1481
0,1288
0,1484
0,1264
0,1582
0,127
0,127
0,1271
0,1274
0,1292
0,1279
0,1288
0,1284
0,1298
0,1289
0,296
0,1294
0,1299
0,1298
0,1299
0,1303
0,1305
0,1307
0,1765
0,1315
0,1338
0,1355
0,1531
0,1345
0,1325
0,136
0,1406
0,1355
0,1705
0,1406
0,1547
0,1357
0,1378
0,1386
0,1455
0,1367
0,1404
0,1402
0,154
0,4083
0,1537
0,1389
0,1429
0,1377
0,1528
0,1377
0,1709
0,1592
0,1461
0,1407
0,1413
0,1411
0,139
0,1392
0,1395
0,1397
0,1407
0,1402
0,1404
0,1406
0,141
0,1411
0,2409
0,1741
0,1452
0,1491
0,1622
0,1426
0,1434
0,1429
0,1431
0,1451
0,1436
0,1586
0,1483
0,148
0,1447
0,1449
0,1789
0,1463
0,1547
0,163
0,1487
0,2453
0,1485
0,1737
0,1512
0,1487
0,1484
0,1479
0,1493
0,1513
0,1687
0,1573
0,2043
0,1631
0,179
0,1544
0,153
0,1553
0,3342
0,1517
0,1689
0,1567
0,1534
0,1515
0,1518
0,152
0,1521
0,1526
0,153
0,1529
0,1543
0,1614
0,1556
0,1599
0,1572
0,1553
0,1546
0,1548
0,1551
0,1552
0,1585
0,1588
0,1574
0,1574
0,1569
0,1567
0,157
0,158
0,1573
0,1576
0,1584
0,1582
0,1586
0,1587
0,1589
0,1612
0,1596
0,1595
0,1598
0,1603
0,1602
0,1605
0,161
0,363
0,1623
0,1634
0,1622
0,1619
0,1622
0,1636
0,1626
0,1629
0,1631
0,1632
0,1634
0,1637
0,1653
0,1647
0,1695
0,1646
0,1649
0,1652
0,1654
0,1665
0,166
0,1661
0,1715
0,167
0,1669
0,1672
0,1687
0,1675
0,1678
0,1681
0,1709
0,1685
0,1688
0,169
0,1714
0,1696
0,1698
0,1698
0,1701
0,3843
0,1706
0,1709
0,1748
0,1714
0,1715
0,1719
0,1727
0,1723
0,1725
0,1728
0,1737
0,1732
0,1735
0,1736
0,174
0,1741
0,1745
0,1747
0,1797
0,1751
0,1753
0,1756
0,1759
0,1768
0,1763
0,1766
0,1769
0,1776
0,1772
0,1775
0,1777
0,1779
0,1788
0,1785
0,1786
0,1788
0,179
0,1834
0,1797
0,1801
0,1802
0,1803
0,1806
0,1807
0,181
0,1814
0,1814
0,1817
0,1819
0,1829
0,1824
0,1826
0,1829
0,1832
0,184
0,1838
0,1886
0,1883
0,1903
0,1887
0,1899
0,1892
0,1895
0,1906
0,1893
0,1904
0,4194
0,1865
0,1866
0,1869
0,2505
0,2587
0,1914
0,1879
0,1881
0,1884
0,1886
0,1906
0,1891
0,1894
0,1937
0,19
0,1901
0,1904
0,1905
0,1907
0,1931
0,2416
0,1939
0,1932
0,1939
0,1931
0,1995
0,2051
0,1964
0,1952
0,1968
0,1942
0,1984
0,2331
0,1951
0,1972
0,2123
0,2408
0,2275
0,1979
0,1975
0,197
0,1966
0,1997
0,1966
0,1967
0,1972
0,1973
0,1989
0,1978
0,2009
0,2015
0,1988
0,199
0,1997
0,1993
0,2015
0,1997
0,2143
0,2186
0,2024
0,2006
0,2009
0,2012
0,2014
0,2015
0,2019
0,2054
0,2098
0,2045
0,2028
0,2031
0,2036
0,2041
0,2044
0,2039
0,2052
0,2049
0,2045
0,2049
0,2051
0,2053
0,2056
0,2058
0,2068
0,2071
0,2066
0,2068
0,2069
0,208
0,2075
0,2077
0,2079
0,2081
0,2084
0,2088
0,2089
0,2091
0,2093
0,2096
0,2098
0,2107
0,2121
0,2112
0,2108
0,211
0,2356
0,2644
0,2655
0,2631
0,2658
0,2664
0,269
0,2128
0,2139
0,214
0,2143
0,2144
0,2142
0,2142
0,2153
0,2149
0,215
0,2153
0,2155
0,2157
0,216
0,2174
0,2171
0,2173
0,2176
0,2179
0,2174
0,2176
0,2179
0,2181
0,2243
0,2223
0,2263
0,2252
0,2216
0,2195
0,2197
0,2199
0,2202
0,2243
0,221
0,2215
0,2217
0,2729
0,2231
0,2224
0,2227
0,223
0,2231
0,2234
0,2237
0,224
0,2243
0,2244
0,2246
0,2242
0,2281
0,2281
0,2284
0,2302
0,2322
0,2328
0,2289
0,2282
0,2344
0,2312
0,2272
0,2271
0,2274
0,2274
0,2278
0,228
0,2283
0,2284
0,2298
0,229
0,2292
0,2295
0,2296
0,2299
0,2302
0,2303
0,2305
0,2309
0,2319
0,2319
0,2321
0,2335
0,2328
0,2391
0,2359
0,2361
0,2331
0,2331
0,2334
0,2336
0,234
0,2342
0,2344
0,2414
0,2349
0,2357
0,236
0,2363
0,2663
0,2378
0,2364
0,2365
0,2367
0,237
0,2374
0,2374
0,2378
0,2378
0,2388
0,2391
0,2392
0,2405
0,239
0,2444
0,2397
0,24
0,2463
0,2421
0,2644
0,252
0,2497
0,2425
0,2426
0,2479
0,245
0,2543
0,2501
0,25
0,2475
0,2432
0,2462
0,2436
0,2438
0,2442
0,257
0,2494
0,2489
0,2489
0,2457
0,2466
0,5542
0,246
0,2512
0,2464
0,5645
0,2469
0,2522
0,2477
0,2592
0,2498
0,2484
0,2505
0,249
0,2489
0,249
0,2494
0,2507
0,2509
0,4748
0,2537
0,2504
0,2507
0,2509
0,2511
0,2514
0,5492
0,2518
0,2524
0,2524
0,2526
0,2529
0,253
0,2549
0,2543
0,2537
0,254
0,2543
0,2545
0,2777
0,255
0,2564
0,2554
0,2557
0,2559
0,2567
0,257
0,2565
0,2568
0,257
0,2573
0,2576
0,2584
0,2669
0,2583
0,2586
0,2593
0,2595
0,2592
0,2594
0,2632
0,2599
0,2601
0,261
0,2612
0,2609
0,2611
0,4881
0,2625
0,2618
0,2632
0,2622
0,2623
0,2627
0,2633
0,2639
0,2646
0,265
0,264
0,2642
0,2649
0,2661
0,2673
0,2652
0,2655
0,2668
0,2658
0,266
0,2662
0,2698
0,2679
0,2682
0,2673
0,2779
0,2691
0,268
0,2683
0,2684
0,2686
0,269
0,2691
0,2703
0,2713
0,2699
0,2701
0,2702
0,2734
0,2708
0,271
0,2724
0,272
0,273
0,272
0,2733
0,2736
0,2727
0,2771
0,2776
0,3226
0,2736
0,2739
0,2742
0,2785
0,2747
0,2749
0,2754
0,2756
0,2755
0,2757
0,2937
0,2762
0,2772
0,2768
0,2789
0,2806
0,2774
0,283
0,2793
0,2826
0,2784
0,2795
0,2788
0,2792
0,2793
0,2847
0,2798
0,2844
0,3041
0,2848
0,3059
0,2825
0,2826
0,2832
0,2928
0,3853
0,2832
0,285
0,286
0,2829
0,4382
0,2842
0,3059
0,2893
0,288
0,2843
0,2844
0,3087
0,2862
0,2853
0,2888
0,2869
0,286
0,2917
0,2868
0,2904
0,2868
0,2872
0,288
0,4689
0,2879
0,2893
0,2884
0,2896
0,29
0,2891
0,2892
0,2907
0,2897
0,2898
0,2908
0,2905
0,2913
0,2941
0,2911
0,2913
0,2915
0,2927
0,292
0,2922
0,3064
0,293
0,2931
0,2939
0,2937
0,2936
0,2939
0,2948
0,2944
0,2952
0,2949
0,2953
0,3058
0,2956
0,2957
0,2965
0,2963
0,2965
0,2967
0,301
0,2972
0,3011
0,2978
0,298
0,3346
0,2984
0,2988
0,3033
0,299
0,2997
0,3008
0,3031
0,3
0,3014
0,3007
0,4069
0,3017
0,3046
0,3014
0,305
0,302
0,3021
0,3031
0,3027
0,3028
0,3036
0,3034
0,3039
0,3037
0,305
0,3076
0,3046
0,3053
0,305
0,3054
0,306
0,3057
0,3061
0,3488
0,3065
0,3067
0,307
0,3077
0,3073
0,3077
0,3085
0,3081
0,3082
0,3092
0,3087
0,3114
0,3092
0,3097
0,3097
0,3099
0,3105
0,3103
0,3112
0,3109
0,3112
0,312
0,3123
0,3118
0,3122
0,3123
0,3164
0,3128
0,3131
0,3133
0,314
0,3171
0,3139
0,3232
0,3157
0,3164
0,32
0,3229
0,3287
0,3168
0,3267
0,3169
0,3234
0,4336
0,4181
0,32
0,3188
0,3195
0,3212
0,3181
0,325
0,3203
0,3219
0,3195
0,3197
0,3278
0,3207
0,3199
0,3206
0,3204
0,3212
0,331
0,3213
0,3212
0,3219
0,3222
0,3226
0,3309
0,3316
0,3307
0,3264
0,3234
0,3253
0,3245
0,3245
0,3275
0,3257
0,3369
0,3356
0,3393
0,3384
0,3265
0,3282
0,3326
0,3333
0,3272
0,3271
0,3285
0,3271
0,3274
0,3276
0,3312
0,3298
0,3286
0,3317
0,3349
0,3298
0,3306
0,3322
0,3299
0,33
0,3302
0,3306
0,3308
0,3313
0,6859
0,3398
0,3339
0,3346
0,3347
0,333
0,3361
0,3334
0,3355
0,3342
0,7543
0,3337
0,3346
0,3344
0,3351
0,335
0,3356
0,3359
0,3357
0,3365
0,34
0,3445
0,3468
0,3457
0,3373
0,3377
0,3375
0,3381
0,3379
0,3385
0,3401
0,3388
0,3396
0,3391
0,3398
0,3394
0,3403
0,3399
0,3408
0,3404
0,3445
0,3412
0,341
0,3417
0,3414
0,3431
0,3421
0,3426
0,3425
0,3428
0,3472
0,3467
0,3436
0,3439
0,3441
0,3442
0,3445
0,3453
0,345
0,3769
0,346
0,3743
0,366
0,3545
0,3477
0,3493
0,3617
0,3536
0,3611
0,3582
0,3489
0,3494
0,3508
0,3498
0,3634
0,3509
0,3499
0,3495
0,3497
0,4018
0,359
0,3523
0,3522
0,3571
0,3554
0,3544
0,3524
0,3529
0,3527
0,3521
0,3533
0,3539
0,3542
0,3572
0,3534
0,3537
0,3538
0,3562
0,3545
0,3551
0,3549
0,3552
0,3552
0,3555
0,3565
0,3559
0,3601
0,3566
0,3573
0,357
0,3587
0,3581
0,3576
0,3579
0,3616
0,3604
0,3993
0,3596
0,359
0,3597
0,371
0,3599
0,3601
0,3635
0,3611
0,3613
0,362
0,3632
0,3618
0,3624
0,3666
0,3622
0,3623
0,3663
0,3635
0,3631
0,3661
0,3647
0,3637
0,3655
0,3682
0,3652
0,3665
0,3678
0,3692
0,3661
0,3721
0,3659
0,3662
0,3676
0,3685
0,3668
0,3676
0,3682
0,3676
0,3684
0,3721
0,3682
0,3691
0,3694
0,369
0,3693
0,373
0,3706
0,3703
0,3725
0,3721
0,3706
0,3714
0,3711
0,3724
0,408
0,3986
0,374
0,3723
0,3726
0,3747
0,3728
0,3732
0,3741
0,3738
0,3741
0,3773
0,4212
0,3843
0,3776
0,38
0,3835
0,3786
0,4049
0,739
0,458
0,3965
0,3783
0,4071
0,3805
0,3776
0,5815
0,4866
0,3792
0,3784
0,3787
0,3801
0,3793
0,3805
0,3797
0,3798
0,3812
0,3838
0,3814
0,3807
0,3824
0,3814
0,3814
0,3823
0,3821
0,4405
0,4773
0,4782
0,3861
0,3832
0,3834
0,3835
0,3846
0,4002
0,3846
0,3878
0,3853
0,3851
0,3854
0,3895
0,3864
0,3869
0,3862
0,3874
0,3907
0,387
0,3872
0,3874
0,3938
0,3878
0,3902
0,3887
0,3888
0,3894
0,3891
0,3893
0,3896
0,3907
0,3899
0,3903
0,4062
0,3912
0,3916
0,3912
0,3915
0,392
0,3926
0,3923
0,3927
0,3949
0,3935
0,3937
0,3932
0,3971
0,3937
0,3947
0,3945
0,3956
0,3946
0,3955
0,3951
0,3962
0,3956
0,396
0,3967
0,3974
0,3971
0,3967
0,3977
0,398
0,4323
0,3985
0,3982
0,3983
0,433
0,3998
0,3992
0,3993
0,4
0,3997
0,4
0,4002
0,4004
0,4053
0,4028
0,4138
0,4283
0,4204
0,4069
0,4049
0,4181
0,4152
0,4077
0,4033
0,4039
0,4041
0,4053
0,4044
0,4043
0,4545
0,4086
0,4178
0,4107
0,4061
0,4317
0,4071
0,4064
0,4294
0,4072
0,7814
0,4069
0,4079
0,4111
0,7188
0,4081
0,4089
0,4088
0,4089
0,4095
0,4098
0,413
0,4103
0,4099
0,414
0,4103
0,4104
0,4114
0,4115
0,4147
0,4115
0,4117
0,412
0,4159
0,4124
0,4133
0,4134
0,4166
0,4167
0,4136
0,4158
0,4216
0,4142
0,4151
0,4153
0,4155
0,4188
0,4155
0,4157
0,4166
0,4166
0,4166
0,4172
0,421
0,4206
0,4174
0,4177
0,4178
0,4663
0,4189
0,4186
0,4195
0,4206
0,4198
0,4195
0,4253
0,4306
0,4222
0,4263
0,4242
0,4213
0,4214
0,4216
0,4222
0,4225
0,4589
0,4264
0,4233
0,4236
0,4237
0,4267
0,4235
0,4239
0,4293
0,4243
0,425
0,4247
0,4251
0,4267
0,4261
0,4262
0,4311
0,428
0,4275
0,4324
0,433
0,4705
0,4368
0,4341
0,4887
0,4291
0,4288
0,4293
0,455
0,4357
0,4341
0,4326
0,8289
0,4313
0,4324
0,4314
0,5586
0,4546
0,4398
0,4313
0,5048
0,4321
0,4324
0,4331
0,4331
0,4351
0,4337
0,4332
0,4336
0,4339
0,4345
0,4347
0,4363
0,4376
0,4358
0,4356
0,4359
0,4366
0,4364
0,4367
0,4368
0,4387
0,4377
0,4371
0,4374
0,4381
0,4385
0,4386
0,4401
0,4407
0,4396
0,4389
0,4393
0,4393
0,4407
0,4406
0,4407
0,4423
0,4419
0,4408
0,441
0,4415
0,4415
0,4422
0,4441
0,4439
0,4431
0,4433
0,4428
0,4433
0,4433
0,4437
0,4479
0,4447
0,4461
0,4446
0,4447
0,4467
0,4452
0,4455
0,4459
0,4468
0,4469
0,4473
0,4468
0,4507
0,4475
0,4514
0,4817
0,4486
0,448
0,4486
0,4485
0,4488
0,4491
0,4495
0,4504
0,4505
0,4669
0,4684
0,4681
0,4629
0,5641
0,4553
0,4698
0,4537
0,4587
0,4534
0,4588
0,7238
0,457
0,4541
0,4544
0,5889
0,4747
0,4605
0,4572
0,4561
0,4554
0,4556
0,4573
0,4561
0,4562
0,5036
0,4561
0,4564
0,4569
0,457
0,4571
0,4572
0,4575
0,4667
0,4598
0,4611
0,4626
0,4618
0,4614
0,4597
0,6559
0,4601
0,4618
0,4615
0,4619
0,4619
0,4618
0,4612
0,4625
0,4655
0,4622
0,4624
0,4628
0,4639
0,4643
0,4632
0,4666
0,4667
0,4637
0,4639
0,4644
0,4646
0,465
0,4673
0,4652
0,4652
0,4689
0,4658
0,4661
0,4696
0,4665
0,4701
0,4672
0,4672
0,4676
0,4676
0,4681
0,4717
0,4734
0,4741
0,4693
0,4699
0,4696
0,4697
0,4697
0,4713
0,4724
0,4714
0,4707
0,471
0,4711
0,4717
0,475
0,4755
0,4817
