11,3289 0,0009 0,0023 0,0049 0,0091 0,015 0,024 0,0307 0,0415 0,0534 0,0659 0,0807 0,0964 0,1144 0,1333 0,1609 0,1856 0,1994 0,224 0,2517
0,2717 0,0066 0,0166 0,0334 0,0587 0,0879 0,1274 0,1715 0,232 0,231 0,2026 0,244 0,2925 0,3377 0,3916 0,4561 0,5127 0,5867 0,6501 0,7304
0,767 0,0107 0,026 0,0471 0,0768 0,1146 0,1624 0,2166 0,2736 0,3447 0,427 0,5073 0,613 0,7059 0,821 0,9506 1,0595 1,221 1,3321 1,5233
1,4882 0,0222 0,0499 0,0847 0,1337 0,1922 0,2576 0,3352 0,4307 0,5293 0,6442 0,7762 0,9153 1,0565 1,2108 1,3757 1,562 1,779 2,0428 2,1656
2,0666 0,0375 0,0859 0,1346 0,2001 0,2799 0,3767 0,4837 0,6064 0,8118 0,9028 1,08 1,2483 1,4448 1,6657 1,9109 2,1265 2,3625 2,664 3,0818
2,654 0,0571 0,1234 0,1935 0,2829 0,3913 0,5128 0,6746 0,8145 1 1,1834 1,3906 1,6296 1,8836 2,1503 2,4172 2,7147 3,1225 3,3436 3,727
3,2224 0,0808 0,1704 0,2646 0,38 0,5199 0,6734 0,9282 1,0468 1,2637 1,5043 1,7627 2,0575 2,3496 2,6555 3,0165 3,3624 3,7525 4,1376 4,626
3,7987 0,1089 0,2262 0,3486 0,4919 0,6784 0,8517 1,0666 1,3099 1,5746 1,8529 2,2136 2,5288 2,9061 3,2367 3,6431 4,1187 4,5658 5,0189 5,5484
4,4221 0,1397 0,2896 0,4411 0,622 0,826 1,0499 1,3092 1,5991 1,912 2,3616 2,6522 3,2333 3,4129 3,8719 4,3907 4,8281 5,4315 5,9882 6,5427
4,9834 0,1756 0,3824 0,5517 0,7596 0,9986 1,2714 1,5738 1,9171 2,2801 2,7509 3,1664 3,9857 4,1366 4,5418 5,5621 5,6414 6,304 6,9597 8,1504
5,5837 0,216 0,4477 0,6609 0,9161 1,2026 1,5158 1,8737 2,2726 2,6875 3,1466 3,648 4,1588 4,7093 5,2277 5,8676 6,5439 7,2187 8,0433 8,6953
6,4324 0,2594 0,5321 0,7888 1,078 1,4057 1,7742 2,2435 2,6181 3,1284 3,6041 4,1676 4,7244 5,4501 6,0541 6,7754 7,4531 8,5297 11,2213 10,976
7,1354 0,3842 0,6454 0,9996 1,5597 1,7435 2,1032 2,5898 3,1071 3,7147 4,8648 4,931 5,5585 8,2806 10,1547 8,7631 8,5722 9,2625 10,8853 12,1463
7,3863 0,3923 0,7378 1,0886 1,4785 1,9484 2,3678 2,8976 3,4453 4,0427 4,8242 5,4459 6,155 6,874 7,8138 9,2028 10,4759 10,5221 12,2608 13,6395
8,021 0,4274 0,8386 1,2383 1,674 2,2091 2,7045 3,2755 3,9784 4,5847 5,2766 6,0568 6,9024 8,8137 9,0807 9,6797 10,5156 11,8202 12,6516 13,7639
8,5945 0,4763 0,9634 1,404 1,8927 2,438 3,0226 3,7313 4,3531 5,0775 5,9212 6,8397 7,6678 8,6571 9,6061 10,6718 11,7495 12,9735 14,129 15,2094
9,1744 0,5403 1,0929 1,5871 2,1426 2,7333 3,4215 4,177 4,8614 5,6938 6,8211 10,2881 9,0977 10,3613 10,4806 11,6937 12,9232 14,477 16,3565 16,8858
9,8916 0,6112 1,2481 1,8331 2,3991 3,0558 3,8387 4,5387 5,4211 6,3864 7,507 8,5058 9,2682 10,6945 11,9868 13,8812 14,064 15,8141 17,8149 18,5276
10,3604 0,6827 1,4792 2,0126 2,9515 3,5082 4,2032 5,0932 5,939 6,9674 7,9032 8,9865 10,08 11,1707 12,3588 13,514 14,819 16,3379 17,3352 18,8427
10,3694 0,7535 1,4284 2,0593 2,7568 3,4784 4,2741 5,5964 6,0821 7,1436 7,927 9,0407 10,0892 11,2384 12,5051 13,7383 14,8693 16,02 17,3765 18,7499
