0,0009 0,0006 0,0009 0,0011 0,0014 0,0019 0,0024 0,0025 0,0026 0,0029 0,0032 0,0037 0,004 0,005 0,0046 0,0052 0,006 0,0045 0,0057 0,0049
0,0127 0,2172 0,3654 0,5477 0,7049 0,9964 1,0429 1,37 1,8492 1,558 1,7227 2,0571 2,0779 2,235 2,4652 2,5894 2,7549 2,9448 3,196 3,2892
0,0439 0,7355 1,4147 2,0701 2,8495 3,3784 4,0904 4,8108 5,373 6,2913 6,8212 8,0353 8,0531 9,0196 9,7955 11,0424 11,0296 13,0023 15,7998 14,5532
0,0956 1,6415 3,0948 4,581 6,1201 7,5236 9,0691 10,5356 12,083 13,6491 16,0875 20,1521 22,7184 23,8825 32,2278 35,0205 28,3273 36,8075 31,0206 35,5058
0,2442 3,4181 5,665 8,2318 11,9721 18,6352 17,1333 20,4613 21,4086 24,1521 27,4773 30,6784 34,3076 39,5084 37,6806 41,6943 46,4342 52,5759 53,3701 62,0543
0,2612 4,6842 9,562 15,7919 17,1436 22,2865 31,2508 32,2066 35,8509 39,0049 43,4289 51,2195 51,0566 57,5496 60,5936 74,097 67,0432 71,9324 80,6069 97,1841
0,3781 6,8609 13,352 20,4122 31,0998 36,9898 38,6634 42,2856 47,8356 62,1727 59,8711 64,9415 77,4221 80,5231 89,9227 90,4967 103,8252 109,3251 120,5638 120,3502
0,5011 8,7955 17,0522 28,2148 37,3097 41,3741 49,5854 57,8449 79,3084 73,8388 87,3486 94,995 105,6338 108,0575 124,1785 126,3972 145,9304 147,4592 165,3785 161,264
0,6925 12,0254 26,3272 32,4984 43,5744 53,7642 67,5722 82,0689 88,2091 105,3189 108,9031 128,1217 132,639 141,9028 161,7047 176,3792 181,868 191,7327 207,9539 226,799
0,8249 14,644 28,494 41,2682 65,9418 72,6281 84,3366 111,138 133,5012 120,9635 142,9092 163,6551 167,135 182,2192 212,0813 217,3192 228,6759 245,7172 262,7312 297,1763
1,4347 18,5057 34,1203 52,1681 71,9844 90,8529 100,7219 120,8872 136,6413 152,7656 177,5808 190,8092 214,6855 226,3209 264,7492 270,5409 279,6994 314,7472 321,5442 343,9339
1,2244 23,0627 43,4471 65,1794 81,595 107,1584 121,9018 149,0924 167,6388 189,5227 221,7251 232,7767 262,938 285,2992 304,0313 322,4452 337,1416 370,6935 384,5346 425,5225
1,4679 26,0043 49,6162 76,0838 97,4126 123,2095 149,9542 173,7525 198,3351 226,0771 251,3562 272,9911 303,8941 329,1773 352,1433 396,4943 431,3055 433,6927 474,4163 499,2544
1,7529 31,5283 63,5493 88,5639 114,5318 149,1123 178,1935 211,8936 254,7163 265,5782 309,2278 324,8727 360,6957 399,7182 422,6653 453,0322 484,3173 517,4885 563,7859 594,6719
2,0705 36,606 67,9683 106,3883 138,6158 169,2866 198,5381 243,253 276,1768 321,3202 366,1283 386,0276 432,6729 445,3056 499,5134 512,1041 566,2672 609,4082 634,7054 674,8617
2,2783 42,9143 78,6825 115,2445 156,9188 194,2527 230,3967 279,954 312,5614 367,8219 391,8698 442,8155 472,8292 534,326 550,3867 596,1683 636,2757 679,72 720,3144 782,3763
2,6479 48,9468 94,8747 135,311 173,5521 228,8217 275,9758 314,5843 368,8984 422,3152 453,2774 506,9082 564,3801 604,4704 652,1859 680,2388 734,3857 791,5969 846,7683 878,9599
2,9339 52,4887 105,3257 152,1944 199,7783 257,0944 304,2226 353,9127 404,2417 462,2842 506,3822 569,2519 619,0124 687,9998 721,3638 789,9809 835,4853 893,5394 965,0836 1008,2619
3,7468 61,9351 111,9056 168,3726 227,8137 294,3407 339,3136 417,4188 460,8839 524,0584 581,2812 630,2375 714,2413 762,7997 849,4506 878,552 926,1382 1007,2853 1071,8457 1121,6316
3,6513 68,9647 132,7956 210,9779 258,6003 332,9811 394,4348 442,3943 516,3662 572,3662 667,6641 700,4918 769,0854 835,4755 902,2162 970,1939 1066,2355 1088,6059 1178,5111 1285,6136
