0,6981 0,0036 0,001 0,0012 0,0014 0,0017 0,0029 0,0027 0,0031 0,0032 0,0032 0,0035 0,0038 0,0043 0,0056 0,0052 0,0057 0,0062 0,0064 0,0068
0,0157 0,2609 0,5302 0,7137 0,9879 1,2193 1,381 1,3407 1,5975 2,2255 1,7693 2,0686 2,1005 2,6007 2,4477 2,6325 5,949 3,0661 3,1819 3,9856
0,0513 0,7579 1,4005 2,1921 2,7299 3,3845 4,0417 4,8083 5,4436 6,0228 6,6864 7,4099 8,0211 8,835 9,5052 10,1678 11,5365 12,6008 15,6972 15,4255
0,1116 1,6436 3,3332 5,6788 6,272 8,1499 11,2123 15,2158 15,3718 16,9166 17,8499 19,758 19,2472 20,3955 23,9674 25,468 26,5877 34,4521 44,1185 45,7536
0,263 4,2692 6,1364 11,7758 12,6501 14,5363 19,7167 19,973 30,0457 46,7138 36,3285 34,6935 42,8461 56,7751 64,6012 58,4514 65,1038 57,1524 63,9601 60,3479
0,2657 5,2865 9,5318 14,8368 20,7662 24,2701 39,1499 33,0849 36,2376 41,0133 44,895 46,7845 54,5006 55,0858 61,3377 65,6126 66,5942 73,05 79,3799 82,47
0,3777 6,4875 12,627 19,5816 25,5045 30,7741 37,9533 44,6444 52,5135 57,5585 62,5339 90,6206 78,7002 84,8049 90,9113 92,8042 107,9821 110,6832 113,4239 134,5391
0,5905 9,2237 18,8914 28,0006 36,7638 41,9155 53,2956 84,7015 92,2372 90,0616 86,9225 97,8983 105,4144 120,3746 123,6012 126,0025 138,6522 158,9895 159,7402 174,1897
0,6578 11,8988 23,8687 35,8309 45,8405 62,1694 80,148 105,12 96,7239 112,8283 120,6969 126,9627 130,9383 156,2227 160,3396 167,0566 176,5572 190,4333 201,443 220,518
0,821 14,62 27,6082 41,3478 56,4681 67,6037 81,3536 97,2266 110,5919 128,2467 149,7841 157,8514 166,1511 185,6025 211,3019 289,2962 237,9682 259,6492 264,4087 287,8362
1,0807 19,2418 37,8723 56,239 73,618 102,6069 109,2839 122,2585 155,0778 177,1707 180,6232 195,0348 225,7153 232,6799 251,6101 280,9996 293,4079 309,4494 335,461 351,4534
1,2946 23,5175 42,4702 62,3273 123,2987 108,9783 126,017 143,5206 173,6938 192,7645 266,6469 229,7767 250,8797 283,5755 298,8237 339,3068 343,4644 368,8009 416,6595 438,7295
1,4576 27,0935 60,9983 91,1049 118,8 156,8116 167,8302 175,5038 208,3877 230,3658 270,4211 287,5005 331,7633 352,5587 357,7323 390,135 496,1078 437,7962 498,1124 496,7014
1,7525 30,7055 64,8023 85,9818 118,4355 143,7586 179,1051 204,9856 237,9928 277,5157 303,6991 335,9241 360,9563 390,3698 423,1734 455,6782 498,1725 540,4934 577,5153 629,8204
2,6153 36,4413 69,3927 109,2815 141,7884 185,3503 211,7249 249,1337 280,3892 312,4014 377,6772 392,5242 411,2724 453,6097 499,3114 524,5516 571,3107 600,8023 654,7657 685,4298
2,3694 42,3019 77,9572 121,481 162,9207 196,0526 236,7298 279,0986 321,5583 348,4577 409,3276 433,0406 504,2712 521,7983 557,4576 608,5215 651,9968 680,2476 730,4312 798,2211
2,6456 46,5004 93,4278 130,4114 185,4119 219,9579 275,6139 315,9626 385,6791 406,2988 472,0009 499,0045 558,3308 585,0065 652,9831 684,6528 736,7432 804,6973 840,2021 900,626
2,9254 57,7659 100,2242 151,0598 199,5521 254,2539 308,9106 351,3376 409,4119 461,7978 521,9504 582,3711 639,9539 670,6141 727,9284 777,7284 839,4344 909,8525 966,7981 1031,4105
3,6085 59,8566 114,9209 174,5899 234,9967 291,9043 351,4892 404,221 466,5327 524,6286 608,1771 658,9291 709,1113 756,4265 827,6674 903,2112 972,578 1059,0557 1080,0657 1171,0131
3,6475 69,0572 130,9557 193,3421 249,1226 340,3433 409,2839 457,9432 528,3021 568,9208 682,8777 791,0437 870,1582 851,6689 964,5844 1011,4065 1086,1697 1179,8967 1217,9176 1361,9041
0,3104 0,001 0,0008 0,0011 0,0015 0,0018 0,0021 0,0025 0,0029 0,0032 0,0035 0,0039 0,0042 0,0046 0,0049 0,0052 0,0056 0,0059 0,0066 0,0067
0,0186 0,2594 0,4937 0,7378 0,9657 1,201 1,4347 1,6824 2,2824 2,1868 2,3803 2,631 2,8594 4,1822 3,3844 3,5852 4,0067 4,1692 4,292 4,5259
0,0587 1,1539 1,9234 2,8687 3,7186 4,6928 5,6305 6,4693 7,4712 8,3302 9,5364 10,3222 11,1507 11,9244 12,9477 13,8562 14,7087 15,611 17,7652 17,848
0,1628 2,2712 4,259 6,3394 8,33 10,4103 12,3391 14,4102 16,9802 18,4602 20,6542 22,5819 31,3672 30,646 28,6376 30,6692 32,7227 35,5801 36,8852 38,8618
0,2385 4,0147 7,6289 11,0875 14,785 18,3826 21,9769 25,8716 29,2527 32,6016 36,6205 40,5356 43,5747 47,5993 51,9015 54,5207 58,1148 61,6787 65,4481 69,158
0,3411 6,0689 11,7012 17,3981 23,0135 28,6217 35,3929 41,4315 46,1406 51,7585 57,5313 62,2666 67,6827 73,864 78,7852 84,8137 90,0594 95,6147 101,5192 106,8056
0,499 8,9454 17,125 24,8286 32,7209 40,7571 48,681 57,1576 65,8984 73,4907 82,5568 89,688 98,0485 106,1641 113,6677 121,4164 130,2724 137,5886 146,5994 153,5697
0,6854 11,973 23,1448 33,9082 44,9419 55,253 66,34 78,2491 88,3594 99,3796 116,2742 125,5395 133,1775 144,3802 155,3739 166,2054 175,663 187,9223 201,8039 208,1637
0,9167 16,0058 29,8172 44,3559 58,5609 73,7978 88,6778 101,0412 116,0087 129,5709 144,0298 157,7716 172,1641 187,5363 201,026 216,484 229,3427 244,1737 261,6687 278,0687
3,0821 29,989 37,662 57,4974 73,646 91,1175 110,6151 128,6081 145,224 164,0006 181,5114 200,2394 217,9811 237,8692 253,8078 273,2316 291,1066 308,5431 326,9116 346,1367
1,3817 23,9336 46,4144 68,8933 90,4261 113,4248 135,4225 158,6765 180,7137 203,9932 224,2719 246,6702 270,2446 290,5026 313,6448 335,4967 360,4742 382,6407 404,771 425,1911
1,6522 29,2033 57,0738 82,8236 109,626 136,3472 163,5335 191,0525 218,0248 244,3094 271,375 298,5384 324,6631 353,8639 379,9165 411,3907 441,78 464,4042 487,3919 515,7588
1,9537 34,6901 67,1897 98,6721 130,104 163,0733 196,1711 229,8648 258,426 291,1665 323,6355 355,3744 386,2652 419,0175 452,8103 488,3321 515,2866 546,2298 582,2682 619,7191
2,2927 41,2268 79,0921 115,999 153,0972 191,038 227,8021 265,0298 304,3944 343,1502 378,5507 418,8142 453,0477 491,4125 531,8019 566,3355 604,5968 639,6947 692,9249 721,9584
2,6567 47,2566 90,8047 133,9547 177,6603 221,3215 265,2318 309,5102 355,6182 396,4532 441,9384 482,1493 525,503 575,3657 615,5957 662,9772 700,7063 743,9308 788,5263 847,6374
3,0625 54,0006 104,1778 154,9062 207,7831 252,8181 306,7307 357,6779 407,7037 467,0699 504,4285 555,5515 603,7681 654,8368 713,8126 757,5406 805,6582 853,5724 901,7257 952,4528
3,5064 61,6117 118,2076 177,9123 231,4514 292,1514 349,0969 402,4488 458,8197 516,9146 571,9063 629,0581 690,6731 744,5981 803,4348 858,8908 995,6884 1000,4969 1037,2857 1092,8487
4,0811 69,1313 134,0207 199,8618 263,9194 453,5734 391,641 456,2385 519,2145 581,8752 648,297 711,126 775,2094 848,9851 903,5082 974,2967 1034,6127 1096,1388 1159,6217 1228,1727
4,373 77,6307 150,3112 220,6991 294,9136 367,0749 439,0436 507,7961 583,7617 660,9546 735,7563 803,5179 870,1081 944,0825 1011,8792 1086,3533 1158,3447 1237,8217 1299,5617 1376,837
4,955 86,5289 166,5911 246,5824 326,0327 411,8997 487,8115 571,2727 647,3644 736,9421 811,664 888,015 974,181 1055,4347 1131,9587 1214,6092 1291,2996 1379,422 1451,6789 1536,4938
0,964 0,002 0,0007 0,0008 0,001 0,0011 0,0013 0,0015 0,0016 0,0017 0,002 0,0022 0,0023 0,0025 0,0027 0,0028 0,003 0,0031 0,0033 0,0035
0,0027 0,0087 0,0156 0,0213 0,0276 0,0335 0,0401 0,0458 0,052 0,0579 0,0642 0,0703 0,0772 0,0824 0,0889 0,1116 0,1008 0,1066 0,1129 0,1193
0,007 0,0276 0,0508 0,0711 0,3295 0,1129 0,1517 0,1536 0,1736 0,1937 0,2117 0,2026 0,2192 0,2508 0,255 0,2731 0,3094 0,308 0,345 0,3413
0,0121 0,0494 0,1008 0,1505 0,1799 0,2027 0,2424 0,276 0,3168 0,3512 0,4017 0,4248 0,4765 0,4991 0,5437 0,5897 0,5742 0,5618 0,6252 0,6389
0,0216 0,0732 0,1372 0,1915 0,3367 0,302 0,3722 0,4127 0,4805 0,5386 0,5922 0,6507 0,7036 0,7687 0,8031 0,871 0,8591 0,8759 0,9419 0,9802
0,027 0,0992 0,1842 0,2807 0,3584 0,4425 0,5082 0,5695 0,6458 0,6675 0,7314 0,8013 0,8505 0,9145 0,975 1,049 1,117 1,2113 1,1615 1,2077
0,0299 0,1257 0,2239 0,3014 0,4077 0,486 0,5732 0,65 0,7332 0,7724 0,8603 0,9446 1,0373 1,1179 1,1726 1,1942 1,3038 1,336 1,4028 1,5277
0,0343 0,144 0,2649 0,3605 0,4527 0,5702 0,6675 0,7127 0,8126 0,8997 1,0039 1,0781 1,1859 1,2766 1,3789 1,476 1,5695 1,8797 1,7584 1,8685
0,0397 0,1727 0,2921 0,4132 0,547 0,6695 0,7662 0,8877 1,0117 1,126 1,2302 1,3619 1,6388 1,5848 1,7036 1,7887 1,9001 2,0233 2,1448 2,275
0,0465 0,1899 0,4266 0,5465 0,6549 0,7974 0,9407 1,0822 1,2455 1,3822 1,5315 1,677 1,8187 1,9631 2,5327 2,3713 2,4904 2,5874 2,7019 2,82
0,059 0,4251 0,4738 0,6165 0,8089 0,9849 1,152 1,3351 1,5203 1,7111 1,8552 2,0482 2,2934 2,4939 2,5865 2,7645 2,9496 3,1789 3,3188 3,4736
0,0695 0,2963 0,5227 0,747 0,9776 1,19 1,403 1,6125 1,8665 2,0515 2,2773 2,4761 2,6965 2,8999 3,3981 3,3267 3,5575 3,791 4,2118 4,2073
0,0817 0,3346 0,6395 0,8886 1,1485 1,412 1,6697 1,9397 2,2784 2,4518 2,7183 2,9795 3,2381 3,7411 3,9465 4,3095 4,4999 4,7938 4,9005 5,2038
0,1028 0,4334 0,7937 1,0818 1,381 1,6679 1,963 2,2697 2,5853 4,2154 3,1632 3,4344 3,7348 4,1515 4,349 4,6569 5,1102 5,3446 5,6377 6,377
0,1283 0,4792 0,8822 1,2277 1,5832 1,9224 2,2809 2,6356 3,067 3,3124 3,6482 4,0211 4,3454 4,6602 5,7504 5,5366 5,8768 6,0169 6,5096 6,7406
0,1226 0,5135 0,9708 1,4566 1,8308 2,161 2,5683 2,9488 3,3857 3,7787 4,206 4,6282 5,1251 5,5697 5,8504 6,2931 6,5781 7,0382 7,3122 7,9674
0,142 0,6482 1,1132 1,5445 1,9982 2,4965 2,9488 3,3692 4,0446 4,2852 4,7805 5,2542 5,6321 6,2075 6,6765 6,9659 7,5155 7,9462 8,6575 9,0332
0,1578 0,9712 1,3575 1,8406 2,3708 2,8289 3,3441 3,9426 4,476 4,7817 5,3509 6,0267 6,3455 6,9054 7,4801 8,5552 8,7858 9,0804 10,2266 9,9215
0,1731 0,7433 1,4114 1,9596 2,5131 3,3594 3,6722 4,6145 4,8867 5,4206 6,1938 6,7044 7,4966 7,8289 8,4891 8,7963 9,5367 10,1025 10,6247 11,4253
0,1975 0,8423 1,5787 2,2288 2,8593 3,5923 4,1477 4,7947 5,6968 6,1093 6,6422 7,33 7,999 8,7101 9,2059 9,8874 10,772 11,7813 12,1382 12,8493
