0,001 0,0006 0,001 0,0012 0,0016 0,0019 0,0022 0,0024 0,0027 0,0031 0,0034 0,0029 0,0031 0,0034 0,0037 0,0039 0,0043 0,0044 0,0048 0,005
0,0114 0,1918 0,3756 0,5314 0,7126 0,8797 1,2145 1,3101 2,1557 1,9553 2,2491 2,3983 2,4597 3,1043 3,3329 2,6017 3,1279 3,521 3,1465 3,6094
0,0456 0,7592 1,4044 2,1702 2,8743 4,2293 4,0428 4,7525 5,3507 6,0326 6,6971 7,3394 8,0822 8,7897 9,4025 10,1181 10,7637 11,4868 12,3226 13,415
0,1026 1,792 3,8156 5,1615 7,3903 8,0185 9,1244 10,8177 12,6667 13,7811 15,0281 18,0156 19,3558 20,8181 22,1017 24,9757 31,787 28,5811 30,2604 29,6757
0,1686 2,8995 5,6433 8,2877 10,6884 13,3186 16,0003 18,9959 22,4677 25,2187 26,9006 30,0191 31,755 35,7409 38,1601 45,9619 43,6705 45,4068 49,7831 55,9274
0,2586 5,436 8,5374 15,019 18,3141 21,9246 25,1017 29,2767 33,003 40,1616 43,4167 45,7373 49,9474 56,7577 60,7721 64,8727 68,6441 79,9185 77,2771 87,0461
0,3706 6,8062 12,4028 18,1884 24,2197 29,8684 36,0958 44,8176 48,9756 54,8696 61,1155 69,8599 72,9029 79,336 89,1518 90,1842 105,9455 105,1864 120,7295 128,3768
0,722 13,3435 19,6089 27,0268 32,881 41,191 49,604 59,8312 66,7943 78,3847 88,616 92,6621 103,4934 111,7737 162,7162 147,6651 138,4738 162,264 157,1694 160,2544
0,6932 12,6569 21,7053 32,1411 46,3582 66,8473 72,1615 80,1939 93,0199 96,9908 125,6563 124,9831 134,2708 151,1584 162,876 179,0058 184,2211 197,375 209,5394 222,7289
0,8246 15,9572 29,2589 41,6043 54,7501 72,846 84,9071 104,7308 153,0887 149,6129 138,0372 149,8828 162,2718 183,0328 199,503 214,9376 226,0324 249,3388 260,7483 278,5388
1,6919 19,4333 36,4052 54,4448 70,6393 83,413 103,1559 117,0879 135,5324 155,1279 174,5752 196,269 215,146 228,6003 245,2622 261,0031 286,226 301,9897 324,3077 335,5998
1,3049 24,662 46,7993 62,007 81,3981 104,5661 124,0793 142,0471 167,7449 190,1623 211,5723 233,9065 254,0015 276,0846 295,18 322,8321 334,8582 363,0716 415,0324 414,4831
1,5155 25,8132 54,0768 73,3264 99,0089 123,8207 148,2334 171,8593 201,4241 227,2662 245,9123 279,0926 302,4544 322,1549 351,5286 380,8415 405,02 434,7519 473,6363 495,0783
1,7105 30,1948 58,4542 88,1695 115,1695 150,57 179,0602 204,4914 234,3809 263,8176 301,733 327,6949 359,0727 384,7706 420,4343 448,2209 482,1255 512,6777 544,7451 582,9475
1,9885 37,4971 67,909 99,3718 141,7813 172,759 200,4841 242,2119 273,2888 313,6438 341,1719 377,1463 416,0236 453,2087 472,4856 514,3103 563,5955 596,2096 660,3045 738,113
2,9726 51,6338 93,4603 126,7144 156,5498 198,4451 231,9505 272,9787 322,412 354,7311 397,8522 441,3471 473,7063 511,1973 568,5723 592,5081 649,3162 671,9377 723,5477 780,414
2,6779 45,9485 88,3975 134,5562 177,4007 226,5897 274,6604 311,7669 358,3573 406,9324 449,4735 490,1083 572,4632 602,8991 638,7108 684,4965 770,2547 781,5806 829,07 891,1767
3,0146 56,3207 99,9843 155,6054 205,6436 256,3662 304,7432 354,4936 406,4313 466,9387 512,8485 566,9238 620,1374 662,4188 732,4498 779,6558 824,2314 876,504 937,7676 1000,3571
3,2973 58,7871 116,4629 167,3556 237,4958 290,7297 345,3221 409,4362 478,3588 527,6619 574,3885 653,0352 699,4079 744,673 809,0392 867,2281 939,955 996,8299 1091,5781 1140,7362
4,5046 67,149 130,2479 182,5402 306,5749 313,5626 385,8089 487,0529 546,5206 612,0385 636,9283 710,1623 786,7701 854,9868 893,9916 985,2519 1043,2252 1096,5713 1187,9532 1259,8017
0,0004 0,0002 0,0002 0,0003 0,0003 0,0004 0,0006 0,0006 0,0006 0,0007 0,0008 0,0009 0,001 0,0011 0,0011 0,0017 0,0012 0,0013 0,0014 0,002
0,001 0,0042 0,0067 0,0097 0,0118 0,0155 0,0171 0,0197 0,0223 0,0345 0,0273 0,0292 0,0315 0,0341 0,0365 0,0391 0,0421 0,0442 0,0466 0,0501
0,0029 0,0115 0,0218 0,0296 0,0378 0,0471 0,0567 0,0634 0,0735 0,0818 0,0889 0,1095 0,1064 0,1144 0,1239 0,1318 0,1408 0,1508 0,1635 0,1723
0,006 0,0247 0,0467 0,065 0,0836 0,0992 0,1173 0,1471 0,1538 0,1699 0,1885 0,2103 0,2367 0,2439 0,2608 0,2892 0,2964 0,3156 0,3437 0,3507
0,0098 0,0408 0,0765 0,1077 0,1374 0,1805 0,2004 0,2328 0,2667 0,3043 0,3246 0,3555 0,4014 0,417 0,4609 0,4799 0,5222 0,5442 0,5725 0,617
0,0149 0,0632 0,1166 0,1645 0,2117 0,2712 0,3062 0,3566 0,4136 0,4494 0,5082 0,5555 0,5927 1,1032 0,6923 0,7473 0,7971 0,8413 0,8896 0,9372
0,021 0,0893 0,1656 0,2341 0,3009 0,3782 0,438 0,5162 0,5797 0,6478 0,7184 0,7892 0,8585 0,924 0,988 1,0562 1,1691 1,1928 1,2677 1,3015
0,0276 0,1157 0,2155 0,316 0,3936 0,4911 0,5656 0,6674 0,7571 0,8434 0,9482 1,0368 1,1318 1,222 1,3192 1,439 1,502 1,5915 1,7597 1,7655
0,0359 0,1522 0,2953 0,4004 0,5275 0,6332 0,7607 0,8811 0,9966 1,1073 1,2232 1,4892 1,4636 1,5834 1,7013 1,8356 1,9385 2,0514 2,1695 2,3212
0,0475 0,1947 0,358 0,515 0,6518 0,8047 0,946 1,1003 1,2365 1,3671 1,5329 1,6719 1,8021 1,9671 2,1425 2,2823 2,46 2,5737 2,7317 2,8999
0,0558 0,24 0,4513 0,6202 0,8234 0,9961 1,1817 1,3466 1,5212 1,6793 1,8748 2,0637 2,2504 2,4767 2,5957 2,8157 3,0276 3,1739 3,5016 3,5594
0,0673 0,2838 0,5314 0,7482 0,9728 1,1974 1,409 1,6362 1,8591 2,1614 2,3019 2,512 2,7404 2,9463 3,293 3,6549 3,5447 3,7443 4,0064 4,5116
0,0796 0,3442 0,6265 0,8815 1,1329 1,4111 1,641 1,9235 2,2026 2,4672 2,7015 2,9755 3,2403 3,5357 4,1145 4,0046 4,2075 4,5632 4,7755 5,0745
0,0935 0,3951 0,7484 1,0502 1,3535 1,696 1,9693 2,2673 2,5457 2,8495 3,1694 3,4918 3,8673 4,3055 4,5068 4,9742 5,2002 5,4831 5,843 6,0513
0,1094 0,4807 0,8847 1,2287 1,6329 2,1977 2,3842 2,6733 3,0418 3,4234 3,7792 4,1395 4,4083 4,6607 5,4958 5,3466 5,7131 6,1236 6,4461 6,967
0,1346 0,5259 0,9879 1,4255 1,8128 2,2086 2,603 3,1497 3,3795 3,8067 4,1404 4,6242 4,967 5,4436 5,8572 6,1739 6,5396 6,952 7,3421 7,8862
0,1448 0,5998 1,1072 1,573 2,0399 2,4872 2,974 3,419 3,8783 4,3727 4,88 5,1679 5,629 6,4113 6,5456 7,0546 7,4186 7,9292 8,4322 9,0384
0,167 0,6634 1,2537 1,741 2,2757 2,7497 3,596 3,7832 4,2956 5,1384 5,3409 5,8274 6,3822 6,847 7,4713 7,8974 8,5629 9,027 9,5845 10,2564
0,2308 0,7897 1,4165 2,0329 2,6066 3,096 3,6742 4,3223 4,8353 5,4628 6,1004 6,6245 7,3562 7,7483 8,3931 8,8555 9,5554 10,4662 10,5897 11,2084
0,1927 0,8339 1,5666 2,2027 2,9813 3,557 4,1453 4,7875 5,5365 6,275 6,9145 7,2866 8,0826 8,6841 9,3971 10,2418 10,868 11,4701 12,3394 12,5817
