0,0008 0,0005 0,0009 0,0012 0,0014 0,0019 0,0021 0,0024 0,0031 0,0033 0,0034 0,003 0,0032 0,0035 0,0038 0,004 0,0042 0,0045 0,0048 0,005
0,0115 0,1936 0,3751 0,5568 0,7181 0,9754 1,4629 1,6063 1,381 1,5549 2,0481 2,0075 2,0919 2,2563 2,4904 2,6151 3,3701 4,1231 4,5459 4,6941
0,1012 1,0266 1,9766 2,6354 3,5971 3,4952 4,2475 4,8656 5,6446 7,4205 10,5135 10,5074 13,4805 9,8371 9,9391 10,6399 11,3253 12,0209 12,7703 13,4336
0,0957 1,6437 3,0831 4,8557 6,2809 8,1312 9,2802 10,4403 12,5277 14,3608 15,3275 32,1517 23,8886 22,0366 25,9657 32,7661 27,0239 32,1607 30,7431 30,9125
0,1658 2,8823 5,808 8,1948 10,9736 13,4331 16,4568 18,7389 22,9107 24,7537 29,0239 32,6005 32,5517 35,8172 38,6735 41,4747 47,7954 46,3891 54,1066 59,5464
0,2838 4,8224 10,422 19,032 21,2374 25,3217 29,0594 31,1802 33,6858 38,5518 52,8164 46,9818 53,6302 56,6885 62,9526 61,9383 71,7527 78,8646 78,5013 84,5733
0,3956 6,4845 12,6956 18,393 24,1824 31,8679 36,839 43,6094 52,5384 53,3805 60,468 69,093 74,2234 82,9532 91,2398 90,0634 101,0054 105,5809 122,7172 121,8951
0,5048 8,859 19,9571 26,0982 34,3419 41,1052 48,4748 62,1054 65,8177 75,2699 86,1804 92,301 102,2005 107,4884 121,6578 124,7285 181,6819 154,1347 160,66 158,1585
0,6525 11,9908 22,7119 33,2999 42,9281 54,0155 65,2502 76,194 85,4243 98,4815 115,679 122,3711 135,3133 163,6832 153,7592 163,663 183,3579 192,577 211,258 223,3334
0,938 15,7477 29,0284 41,3931 57,1868 69,8223 84,5529 105,4188 107,3774 125,1557 142,2662 150,6439 171,7614 181,1253 202,9768 211,9631 238,9088 251,6092 265,8331 273,8119
1,0289 18,2038 35,0398 57,414 67,5091 82,8711 104,2641 119,2447 136,9249 159,5185 199,7978 204,0584 210,7919 231,2319 249,1258 279,4452 285,1084 300,4644 336,2517 342,4874
1,2278 21,9113 41,6747 61,6011 87,6236 103,8988 128,2039 148,5292 168,0633 189,8492 210,6359 235,2229 251,3145 272,1189 295,4287 316,1941 346,8445 358,3015 387,272 417,9154
1,539 38,9824 81,8353 83,0603 102,3778 121,8105 150,4017 176,143 238,0855 240,5972 292,8069 288,1593 339,2617 338,1461 359,3216 388,8891 412,3297 439,2696 487,5341 510,0781
1,8044 33,1457 66,362 88,4476 131,7932 149,393 179,3751 209,9998 239,1323 272,4229 299,3305 351,8424 359,6778 389,4132 431,0321 454,7791 493,4981 522,4952 559,5027 583,9542
1,9803 39,4432 67,3045 102,7139 137,3273 182,0364 209,0939 238,2735 279,8959 313,4105 363,3996 380,2433 412,8119 453,4732 499,3686 550,0531 554,8367 600,5106 653,3296 696,3223
2,3033 40,5085 98,6231 114,0844 159,5367 202,3387 240,0068 280,3279 316,1861 364,1534 393,8423 439,3018 477,0205 529,6702 563,8017 600,2538 639,8028 690,5756 771,9789 762,5547
3,0302 50,0778 89,8461 133,7031 178,5982 219,6664 267,9927 317,7103 368,2657 411,9145 469,5754 497,5284 549,2364 614,7773 667,4938 701,5562 760,6977 801,1681 845,5029 889,972
2,9223 52,5558 101,2668 148,131 203,3218 245,5133 303,2618 370,042 420,27 456,7249 504,4169 561,998 617,0739 684,4622 754,2561 778,154 845,1956 893,8118 956,4426 1015,3642
3,2845 58,1442 116,3864 164,2788 225,1097 283,7068 344,4756 397,1184 458,6794 515,363 599,3294 640,2881 705,3517 773,4462 831,661 905,8476 929,1909 1037,5413 1095,3217 1133,1098
3,8005 75,8428 165,6375 200,4375 243,585 319,9295 387,3287 454,9677 511,3311 572,1455 651,6847 716,782 806,5566 845,1733 898,693 974,6058 1056,7036 1109,4372 1175,0804 1246,4101
0,0007 0,0002 0,0002 0,0003 0,0004 0,0004 0,0005 0,0006 0,0006 0,0007 0,0013 0,0009 0,0009 0,001 0,0011 0,0011 0,0017 0,0012 0,0013 0,0014
0,001 0,0035 0,0064 0,0088 0,012 0,0143 0,0172 0,0196 0,0223 0,0232 0,0255 0,0282 0,0306 0,0329 0,0354 0,0377 0,0404 0,0427 0,0451 0,0482
0,0027 0,011 0,0202 0,0282 0,0367 0,0448 0,053 0,0615 0,0704 0,0776 0,0861 0,1076 0,1026 0,1115 0,1197 0,1279 0,1362 0,1456 0,1587 0,1675
0,006 0,0248 0,046 0,064 0,0925 0,0985 0,1531 0,1456 0,1522 0,1702 0,2185 0,2247 0,2398 0,238 0,2567 0,2853 0,2916 0,3153 0,3496 0,3602
0,0098 0,0407 0,076 0,1067 0,1375 0,1785 0,2001 0,2317 0,2677 0,3122 0,3252 0,3592 0,3968 0,4265 0,4509 0,5075 0,6812 0,5704 0,5978 0,6228
0,0149 0,0687 0,1224 0,1652 0,2257 0,2777 0,3129 0,3688 0,4073 0,4504 0,4813 0,5376 0,5712 0,629 0,6753 0,7221 0,7909 0,8274 0,8792 0,9297
0,0208 0,0872 0,1648 0,231 0,2948 0,3655 0,4397 0,4947 0,5718 0,6404 0,6972 0,7632 0,8448 0,9042 1,0612 1,05 1,1169 1,1728 1,2624 1,3037
0,0375 0,1185 0,2197 0,3088 0,4136 0,4885 0,5885 0,6685 0,7642 0,8639 0,9485 1,0405 1,3026 1,242 1,3117 1,3675 1,4694 1,5419 1,6398 1,7302
0,0352 0,1495 0,2786 0,4032 0,5047 0,6504 0,744 0,8472 0,9713 1,1514 1,2027 1,3175 1,4465 1,5444 1,6745 1,821 1,9372 2,0517 2,1816 2,294
0,0459 0,1922 0,3578 0,5157 0,6665 0,7955 0,9628 1,1179 1,2478 1,3977 1,5793 1,8242 1,913 1,9607 2,0984 2,2809 2,4699 2,6094 2,7445 2,9023
0,0565 0,2356 0,4405 0,6307 0,8115 0,9882 1,1749 1,3554 1,5467 1,7266 1,912 2,1118 2,2805 2,4617 2,6297 2,8087 3,0024 3,251 3,2927 3,4707
0,066 0,2785 0,5359 0,7455 0,9539 1,1711 1,3885 1,7567 1,8247 2,0377 2,2678 2,4589 2,7435 3,0399 3,217 3,3426 3,5532 3,7602 4,0137 4,2057
0,0784 0,3306 0,6342 0,8875 1,1318 1,387 1,6492 1,9011 2,2085 2,4261 2,695 2,9471 3,229 3,4932 3,7513 4,0259 4,2823 4,6034 4,7495 4,964
0,0915 0,387 0,7303 1,0249 1,3334 1,7592 1,9916 2,2324 2,6497 2,9082 3,2067 3,6087 3,7521 4,0799 4,4297 4,8366 5,024 5,4332 5,6474 5,8451
0,1056 0,4602 0,8493 1,1937 1,5885 2,3524 2,2293 2,6042 3,0335 3,342 3,7209 3,9841 4,3175 4,6592 5,0401 5,346 5,7015 6,1306 6,3853 6,7757
0,1211 0,5297 0,9759 1,3611 1,7698 2,2163 2,559 3,0177 3,3898 3,7631 4,1246 4,6631 4,9532 5,4544 5,9636 6,1323 6,625 7,2139 7,5839 7,7801
0,137 0,5967 1,1027 1,5556 1,9997 2,6583 3,0022 3,3722 3,8821 4,332 5,473 5,1935 5,7085 6,2218 6,6259 7,0815 7,5437 8,051 8,5159 8,9688
0,1553 0,6758 1,2546 1,775 2,2959 2,8293 3,3396 3,9027 4,3795 4,9582 5,3597 5,864 6,5902 6,8519 7,5272 7,8501 8,5211 9,0566 9,6758 10,2022
0,176 0,7526 1,3809 1,9547 2,5121 3,1189 3,7345 4,2815 4,7919 5,3641 6,048 6,4688 7,2672 7,6937 8,3331 8,853 9,3998 10,0397 10,5981 11,1079
0,1926 0,832 1,5403 2,1765 2,8991 3,4872 4,093 4,71 5,4496 6,1683 7,0019 7,5231 8,0428 8,6642 9,5046 9,9445 11,1623 11,3359 11,7077 12,6325
