0,0004 0,0014 0,0036 0,0072 0,011 0,0174 0,0266 0,0341 0,0422 0,053 0,0634 0,0785 0,0892 0,076 0,0879 0,1041 0,1153 0,1274 0,1429 0,1595
0,0003 0,0028 0,009 0,0186 0,0317 0,0484 0,0685 0,0927 0,1209 0,1504 0,1849 0,2238 0,2681 0,3091 0,3571 0,4102 0,4655 0,5235 0,586 0,6525
0,0004 0,0053 0,0169 0,0357 0,0611 0,0941 0,1335 0,1793 0,233 0,2966 0,3594 0,4337 0,5131 0,6245 0,7037 0,8055 0,9036 1,0209 1,1528 1,2596
0,0004 0,0071 0,0232 0,049 0,0839 0,1293 0,2087 0,2478 0,3239 0,4047 0,4969 0,5971 0,711 0,8332 0,9639 1,1028 2,3259 1,4257 1,5909 1,7705
0,0005 0,0092 0,0296 0,0688 0,1073 0,166 0,2365 0,3151 0,4068 0,5088 0,6264 0,7528 0,8972 1,0972 1,2506 1,3945 1,591 1,7898 2,0173 2,2183
0,0005 0,0108 0,0358 0,0759 0,1317 0,1973 0,3394 0,3814 0,4919 0,6175 0,8148 0,9157 1,0976 1,2706 1,471 1,6772 1,9119 2,1541 2,3877 2,689
0,0005 0,0127 0,0452 0,0884 0,1519 0,2337 0,3302 0,4446 0,5767 0,7268 0,8917 1,066 1,2625 1,4931 1,7017 1,9493 2,2376 2,5285 2,8358 3,0889
0,0006 0,0142 0,0466 0,0989 0,1699 0,2612 0,3745 0,5031 0,6495 0,8356 1,0472 1,2703 1,4973 1,743 2,0087 2,3088 2,6171 2,9259 3,2948 3,6835
0,0006 0,016 0,0526 0,1147 0,1922 0,2952 0,4208 0,5616 0,7538 0,9236 1,1352 1,3816 1,6385 1,9199 2,2105 2,5243 2,9045 3,219 3,6029 4,0493
0,0007 0,0175 0,0577 0,1224 0,2129 0,3248 0,46 0,6292 0,8104 1,0145 1,2527 1,535 1,7781 2,0364 2,342 2,6997 3,0417 3,6748 3,8332 4,2328
0,0007 0,02 0,0616 0,1308 0,2239 0,346 0,4992 0,6642 0,857 1,0975 1,315 1,5901 1,8919 2,2091 2,6751 2,8877 3,3088 3,8504 4,1825 4,8446
0,0008 0,0198 0,0661 0,1396 0,2398 0,3677 0,5222 0,7046 0,9168 1,1531 1,4297 1,6995 1,9898 2,3329 3,6075 3,1057 3,565 4,0398 4,3768 5,8613
0,0008 0,0209 0,0693 0,1476 0,2512 0,3897 0,5477 0,7386 0,9868 1,2384 1,4939 1,7753 2,0961 2,6239 2,9122 3,2671 3,757 4,1761 4,666 5,0859
0,0008 0,0217 0,0721 0,1528 0,262 0,4027 0,5742 0,7741 1,0197 1,28 1,6628 1,8612 2,201 2,5968 2,9563 3,3853 3,8373 4,3059 4,8752 5,3377
0,0007 0,0227 0,0785 0,1598 0,2731 0,4176 0,5961 0,7987 1,0365 1,3035 1,6281 1,9443 2,3057 2,6962 3,0615 3,616 4,0061 4,5037 5,0003 5,6144
0,0008 0,0233 0,0787 0,1643 0,282 0,4301 0,6106 0,8301 1,0839 1,3724 1,6572 2,0047 2,3868 2,783 4,2752 3,6961 5,3458 4,6294 5,1407 5,713
0,0009 0,0238 0,0792 0,1692 0,2927 0,4465 0,6346 0,8462 1,1138 1,3759 1,7009 2,0417 2,4248 2,8094 3,2989 3,8164 4,3522 4,8705 6,637 5,8585
0,0009 0,0243 0,0828 0,1716 0,3009 0,4522 0,8292 0,8677 1,1463 1,4118 1,7363 2,1032 2,4746 2,9292 3,3644 3,8371 5,2732 4,9945 5,6387 6,1436
0,0009 0,0254 0,0899 0,1842 0,3104 0,5208 0,6831 0,9203 1,1894 1,5329 1,8435 2,2272 2,6544 3,1043 3,5569 4,0938 4,6165 5,2442 5,8332 6,5218
0,0009 0,0274 0,0894 0,1892 0,3969 0,5035 0,7169 0,9592 1,2482 1,5723 1,9317 2,3306 2,7824 3,2339 3,7693 4,3132 4,9084 5,548 6,2265 7,4946
