0,0005 0,0018 0,0043 0,0084 0,014 0,0231 0,0297 0,0404 0,0522 0,0647 0,0794 0,095 0,1129 0,1317 0,1592 0,1838 0,1975 0,222 0,2496 0,2695
0,0006 0,0058 0,0185 0,0399 0,0651 0,1007 0,1409 0,1897 0,2088 0,1781 0,2173 0,2619 0,3069 0,3586 0,4208 0,4751 0,547 0,6081 0,6861 0,7641
0,0004 0,0062 0,0198 0,042 0,0713 0,1089 0,1556 0,2085 0,2722 0,3465 0,4197 0,5166 0,6032 0,7077 0,8302 0,9346 1,0865 1,192 1,3703 1,4823
0,0005 0,0085 0,0272 0,0602 0,0988 0,1512 0,2135 0,294 0,3761 0,4755 0,5906 0,7146 0,8365 0,9771 1,1244 1,2961 1,4968 1,746 1,8544 2,0562
0,0005 0,0106 0,0358 0,0735 0,1261 0,193 0,2747 0,3664 0,5243 0,609 0,7579 0,9003 1,0699 1,2657 1,4805 1,6701 1,879 2,1503 2,5174 2,6392
0,0006 0,0138 0,0424 0,0899 0,1542 0,2356 0,335 0,4513 0,5948 0,7365 0,9041 1,0958 1,3086 1,5126 1,7586 2,017 2,374 2,5613 2,8974 3,2015
0,0006 0,0152 0,0499 0,1053 0,1812 0,2776 0,3951 0,5324 0,6903 0,8701 1,0692 1,285 1,5352 1,7829 2,0832 2,3703 2,6842 3,0234 3,4522 3,7702
0,0007 0,0173 0,0584 0,1212 0,2289 0,3187 0,454 0,6165 0,7954 0,9996 1,2688 1,4995 1,7773 2,0557 2,3857 2,7738 3,1234 3,5119 3,9392 4,3856
0,0008 0,0196 0,0651 0,137 0,2382 0,3619 0,5148 0,6947 0,8986 1,1878 1,4044 1,9032 1,9892 2,3468 2,7443 3,0891 3,5508 3,999 4,468 4,9373
0,0009 0,022 0,0802 0,153 0,2636 0,4034 0,5745 0,7884 1,0162 1,2982 1,5755 2,0056 2,2628 2,6107 3,4981 3,4569 3,937 4,4277 5,3921 5,5297
0,0009 0,0242 0,0799 0,1697 0,2931 0,4452 0,6458 0,8543 1,1132 1,4145 1,7437 2,1036 2,4838 2,8675 3,3304 3,858 4,3202 4,9562 5,4965 6,3638
0,0011 0,0279 0,0876 0,1848 0,3182 0,4887 0,7201 0,944 1,2115 1,5344 1,8817 2,2645 2,7216 3,1664 3,6807 4,2131 4,971 7,4844 6,3291 7,0538
0,0011 0,0334 0,0965 0,2693 0,3692 0,5415 0,7815 1,0461 1,3889 2,2307 2,1228 2,5433 3,5914 5,118 5,0804 4,6205 5,1537 6,4216 6,6581 7,2982
0,0011 0,0312 0,1036 0,2191 0,4182 0,5796 0,8188 1,1092 1,4362 1,8869 2,241 2,6888 3,1687 3,7536 4,9291 5,0524 5,6612 7,0634 8,2489 7,9124
0,0013 0,0332 0,1105 0,2342 0,4288 0,6207 0,8782 1,2497 1,5384 1,9318 2,4051 2,8832 3,4326 4,4742 4,7527 5,2601 6,2937 6,8125 7,5929 8,4779
0,0013 0,0353 0,1179 0,2491 0,4274 0,657 0,94 1,2599 1,633 2,0528 2,6773 3,0767 3,7198 4,2275 4,9808 5,6946 6,5723 7,3629 8,1064 9,0344
0,0013 0,0375 0,1249 0,2642 0,4565 0,699 1,003 1,3512 1,7461 2,4535 3,1265 3,935 4,7494 4,5173 5,2663 6,0346 6,8169 8,0329 8,7582 9,7318
0,0015 0,0401 0,1352 0,2836 0,4848 0,7421 1,0549 1,4365 1,8584 2,4266 2,9588 3,4418 4,0906 4,945 6,5453 6,389 7,5911 8,8963 9,3109 10,1914
0,0014 0,042 0,1457 0,2961 0,6369 0,7833 1,1123 1,5047 1,9795 2,4529 3,0176 3,5947 4,3011 4,9546 5,696 6,545 7,3305 8,1731 9,1822 10,1946
0,0014 0,0423 0,1381 0,2917 0,5017 0,7691 1,4873 1,4795 1,9366 2,3777 2,9126 3,5186 4,14 4,8448 5,5896 6,2899 7,0846 8,0047 8,8548 9,7728
