0,0023 0,0012 0,003 0,006 0,0099 0,0187 0,0209 0,0331 0,0459 0,0497 0,0586 0,071 0,0859 0,1044 0,1164 0,1311 0,148 0,1695 0,1891 0,2076
0,0003 0,0032 0,0153 0,0217 0,0372 0,0567 0,08 0,1105 0,1418 0,1792 0,2196 0,2924 0,3245 0,3658 0,4258 0,4838 0,5502 0,6251 0,6978 0,7737
0,0005 0,0062 0,0203 0,1359 0,1053 0,1183 0,1599 0,214 0,2803 0,3491 0,4412 0,519 0,6095 0,7155 0,8421 0,9351 1,4386 1,2093 1,3658 1,573
0,0006 0,0085 0,0274 0,0577 0,0999 0,1514 0,2171 0,2929 0,3799 0,4796 0,589 0,703 0,832 0,9775 1,1414 1,3017 1,5049 1,6871 1,9057 2,085
0,0005 0,0107 0,036 0,0735 0,1287 0,194 0,276 0,3766 0,4816 0,6094 0,7443 0,897 1,0694 1,2583 1,4486 1,6932 1,8722 2,1305 2,3938 2,6712
0,0006 0,0129 0,0433 0,0903 0,1557 0,2356 0,3394 0,4595 0,616 0,7581 0,9148 1,1099 1,3121 1,5456 1,7691 2,0746 2,3435 2,5713 2,9294 3,2391
0,0007 0,0152 0,0503 0,1053 0,1806 0,2776 0,3947 0,5314 0,6999 0,8768 1,0689 1,2961 1,5391 1,8034 2,0849 2,4219 2,7091 3,0851 3,404 3,8831
0,0008 0,0174 0,0575 0,1248 0,2108 0,3437 0,4963 0,7709 0,8019 1,0079 1,2354 1,5595 1,7826 2,0887 2,4426 3,0658 3,1531 3,587 4,1979 4,7803
0,0009 0,0196 0,0658 0,1398 0,2376 0,3671 0,5174 0,6943 0,9019 1,1656 1,3978 1,826 2,0827 3,5534 3,0204 3,1723 3,8694 4,1983 4,7124 5,0159
0,001 0,0219 0,0727 0,1529 0,2649 0,4098 0,5803 0,7776 1,0296 1,2965 1,6652 2,9547 2,2632 2,8479 3,2273 3,7961 4,0217 4,4996 5,1547 5,7542
0,0009 0,0245 0,0813 0,1999 0,3057 0,4622 0,7231 0,9119 1,176 1,4142 1,7311 2,2116 2,4876 2,969 3,9194 4,076 4,6451 5,1749 5,9286 6,0933
0,0011 0,0267 0,0885 0,187 0,3191 0,4913 0,826 0,9401 1,2699 1,5414 1,9117 2,5905 3,773 3,2742 4,9276 4,7786 5,532 6,2549 9,5694 7,7006
0,0012 0,0413 0,0999 0,273 0,3892 0,6084 0,8683 1,3666 1,3643 2,129 2,891 3,525 3,693 4,6285 4,9096 4,7435 5,4068 6,7527 7,719 8,7133
0,0012 0,037 0,1457 0,3221 0,566 0,8568 1,0536 1,3329 1,5333 2,968 2,3814 3,8588 3,4437 4,1299 5,5332 5,6103 8,9771 10,1982 9,2009 9,3119
0,0013 0,035 0,1123 0,2546 0,4113 0,7421 1,3287 1,2269 1,6818 2,02 2,4889 3,0258 3,5575 4,382 6,8571 7,9948 11,7262 9,6781 13,6984 11,183
0,0022 0,0487 0,1712 0,3647 0,6412 0,9786 1,0373 1,9501 1,7182 3,7485 2,8099 4,2393 5,5765 4,6671 5,8026 6,9233 7,5247 9,3172 8,3307 9,3929
0,0014 0,0383 0,127 0,2728 0,4664 0,711 1,0879 1,5892 2,5172 2,1956 2,8937 4,835 6,0391 4,7618 5,533 7,9347 7,4128 9,3095 9,313 10,3096
0,0016 0,042 0,1353 0,2919 0,5346 0,755 1,4052 1,4653 1,9029 2,6405 2,8941 3,5593 4,0957 5,1139 6,166 7,1265 7,5921 9,3294 9,5762 10,6182
0,0015 0,0426 0,1454 0,3047 0,5185 0,8058 1,142 1,5523 1,986 2,4942 3,0625 4,1597 5,0676 6,2337 5,9461 14,0066 9,0394 9,1116 11,6405 12,1949
0,0016 0,0461 0,1942 0,3419 0,5909 0,9638 1,2794 2,1415 2,1356 2,7168 3,4396 4,7057 4,6914 5,4972 6,1894 7,0633 8,0871 10,2979 10,1668 12,3649
