0,0004 0,0018 0,0062 0,0076 0,0129 0,0202 0,0289 0,038 0,0499 0,0615 0,0761 0,0901 0,1104 0,1288 0,151 0,1726 0,1981 0,2069 0,1689 0,1943
0,0003 0,0034 0,0108 0,0224 0,0383 0,0584 0,0835 0,1109 0,1434 0,1803 0,2257 0,266 0,3164 0,3765 0,4269 0,4978 0,5544 0,6375 0,7092 0,7801
0,0004 0,0062 0,0201 0,0418 0,0718 0,1106 0,1563 0,2171 0,2785 0,3431 0,4287 0,5411 1,0574 1,0912 0,8159 0,9357 1,0645 1,1881 1,3314 1,483
0,0005 0,0085 0,0273 0,0574 0,0984 0,1527 0,2163 0,2873 0,375 0,4921 0,5819 0,7014 0,8293 1,6256 1,1616 1,3229 1,4954 1,7059 1,9049 2,1283
0,0005 0,0108 0,0353 0,0741 0,1274 0,1976 0,277 0,3761 0,5314 0,6079 0,745 0,8998 1,0667 1,2562 1,4383 1,6422 1,8952 2,1499 2,3583 2,6639
0,0006 0,0131 0,0428 0,0908 0,1558 0,239 0,3388 0,4559 0,5908 0,7348 0,9031 1,0897 1,3472 1,5494 1,795 2,0647 2,3778 2,6904 3,0332 3,3473
0,0007 0,0156 0,0511 0,1078 0,1833 0,2838 0,4049 0,5552 0,7048 0,8959 1,0979 1,4365 1,565 2,1654 2,1204 2,4123 2,8116 3,1022 3,41 3,8511
0,0007 0,0175 0,0579 0,123 0,2089 0,3195 0,4542 0,6142 0,8188 1,0037 1,2282 1,4838 1,7603 2,1164 2,4033 2,7366 3,105 3,583 3,9368 4,371
0,0008 0,0196 0,0651 0,1611 0,236 0,3632 0,5183 0,6993 0,9027 1,1397 1,3954 1,7125 2,0511 2,3393 2,7188 3,2877 5,2011 4,2647 4,4988 4,9502
0,0008 0,0219 0,0726 0,1538 0,2629 0,405 0,781 0,785 1,0208 1,2769 1,5702 1,8995 2,3395 2,7345 3,1612 3,5632 4,0326 4,815 5,1776 5,7754
0,0014 0,0245 0,0847 0,1712 0,2913 0,4494 0,634 0,9404 1,1539 1,486 2,0291 2,0845 2,4703 2,8755 3,3296 3,8564 4,3573 4,9135 5,535 6,613
0,001 0,0265 0,0879 0,185 0,3186 0,4879 0,6953 0,9372 1,2159 1,5304 1,8831 2,261 2,7445 3,189 3,6321 4,2041 4,7513 5,5797 6,2437 6,9862
0,0011 0,029 0,0964 0,2034 0,3589 0,5433 0,7799 1,0482 1,3554 1,7021 2,1252 2,5468 3,0124 3,4729 4,0117 4,7801 5,3599 5,9968 6,8567 7,5514
0,0012 0,0311 0,104 0,2196 0,3789 0,5832 0,835 1,1275 1,4244 1,795 2,2296 2,6745 3,1558 4,9816 4,3202 4,9098 5,577 6,305 7,0679 8,1758
0,0012 0,033 0,1101 0,2363 0,402 0,6208 0,8868 1,1851 1,5283 1,9213 2,372 2,8535 3,4744 3,9807 4,6623 5,2666 6,042 6,7504 7,6015 8,9477
0,0014 0,0353 0,1173 0,2498 0,4349 0,6554 1,4256 1,275 1,639 2,1318 2,6367 3,1636 3,7285 4,3844 5,1527 5,8656 6,5916 7,4749 8,4118 9,234
0,0014 0,0377 0,1259 0,2648 0,5038 0,7082 1,0122 1,3831 1,7692 2,2075 2,7878 3,2818 3,9112 4,5305 5,2582 6,1351 6,8476 7,7364 8,6519 9,6572
0,0014 0,0399 0,1335 0,2814 0,4857 0,7708 1,0564 1,4196 1,8491 2,3499 2,9259 3,4699 4,2121 4,8312 5,7141 6,3484 7,2305 8,1582 9,0964 10,244
0,0014 0,0744 0,1403 0,296 0,5109 0,806 1,1163 1,5037 1,9498 2,4633 3,0166 3,6945 4,4603 5,2824 5,8674 6,7364 7,64 8,625 9,7629 11,274
0,0015 0,0449 0,1502 0,3166 0,5596 0,8461 1,2037 1,7137 2,1376 2,7198 3,4781 5,407 4,5583 5,3858 6,2196 7,7013 8,0514 9,0875 10,199 11,3629
