0,0003 0,0012 0,0029 0,0056 0,0093 0,0141 0,0205 0,0274 0,0347 0,0435 0,053 0,0637 0,078 0,0883 0,1019 0,1163 0,1326 0,1481 0,167 0,1854
0,0003 0,0033 0,0105 0,0224 0,0369 0,0562 0,0795 0,1074 0,1391 0,1745 0,2156 0,2583 0,3058 0,3599 0,4178 0,4774 0,5423 0,6642 0,7 0,7692
0,0005 0,0063 0,0198 0,0425 0,0718 0,1107 0,1563 0,2106 0,2728 0,3449 0,4321 0,508 0,6131 0,7428 0,8318 0,9569 1,0784 1,2372 1,3548 1,5349
0,0004 0,0085 0,0276 0,0585 0,1005 0,1529 0,2282 0,2923 0,3797 0,4825 0,5894 0,7118 0,8497 1,0078 1,1539 1,3313 1,5064 1,6982 2,1218 2,5951
0,0005 0,0107 0,035 0,0733 0,1264 0,194 0,2749 0,3702 0,4803 0,6032 0,7408 0,8927 1,0626 1,2423 1,44 3,4272 2,4184 2,4824 4,6827 3,1165
0,0007 0,0129 0,0424 0,1235 0,1546 0,2435 0,4783 0,6474 0,6194 0,7662 1,2681 1,4712 1,8139 2,2014 2,3941 2,4763 2,4422 3,2775 3,7845 4,4992
0,0009 0,0214 0,0712 0,1084 0,253 0,3935 0,406 0,5783 0,7222 1,2805 1,6145 1,6433 2,2693 1,9941 2,1218 2,4644 2,8051 3,8435 3,5133 3,953
0,0008 0,0177 0,0589 0,1228 0,2159 0,3229 0,4636 0,6271 0,8213 1,0244 1,2611 1,543 1,8017 2,1168 2,4623 2,8217 3,2107 3,6827 4,0127 4,5063
0,0007 0,0198 0,0657 0,1418 0,248 0,3995 0,5285 0,7154 0,9272 1,1692 1,4471 2,3539 2,7717 2,3346 2,7195 3,1031 3,5079 3,9525 4,5032 4,9689
0,0009 0,022 0,0731 0,1537 0,2652 0,4198 0,575 0,7753 1,0044 1,2756 1,5507 1,8826 2,2381 3,2388 3,173 3,8314 3,995 4,5152 5,3203 5,5648
0,0009 0,0241 0,0852 0,1689 0,2906 0,4576 0,6427 0,8765 1,1214 1,4024 1,7369 2,0917 2,4569 2,8969 3,9526 4,0408 5,1388 5,1493 6,7487 6,1535
0,0011 0,0266 0,0883 0,2103 0,3335 0,4914 0,6974 0,939 1,2346 2,3738 1,8741 2,336 2,7508 3,2419 3,6486 4,1681 4,9641 5,513 7,1816 6,6977
0,001 0,0286 0,095 0,2019 0,3486 0,5332 0,7555 1,0265 1,3285 1,681 2,0589 2,4764 2,9646 3,4389 3,9893 4,5448 5,1789 5,8325 6,5427 7,3164
0,0012 0,031 0,1032 0,2168 0,3737 0,574 0,812 1,1709 1,4345 1,8157 2,2402 2,6672 3,1712 3,7083 4,2824 5,492 5,6578 6,2556 7,0219 7,8436
0,0013 0,0331 0,11 0,2458 0,4055 0,6133 0,8801 1,2181 1,5638 1,9246 2,3719 2,8625 3,4554 3,9612 4,6084 5,2939 6,0231 6,7181 7,6187 8,4252
0,0013 0,0352 0,1177 0,2482 0,4285 0,657 0,9353 1,2771 1,6481 2,0633 2,5314 3,0443 3,6471 4,2905 4,9729 5,6523 6,6252 7,2263 8,0447 9,4344
0,0013 0,038 0,1271 0,2772 0,4652 0,7106 1,022 1,4019 1,8072 2,2835 2,7697 3,3761 3,8999 4,5377 5,26 6,0665 6,8087 7,6753 8,6155 9,7412
0,0014 0,0398 0,1326 0,2826 0,4959 0,7462 1,0611 1,4412 1,8741 2,339 2,8796 3,4448 4,1039 4,789 5,6262 6,4007 8,3378 10,6069 12,9157 10,1457
0,0015 0,042 0,1416 0,2966 0,5108 0,7843 1,1196 1,5059 2,0339 2,6625 3,0612 3,6458 4,3359 5,1088 5,8701 8,1732 7,7052 8,674 9,6709 11,2737
0,0015 0,0467 0,1501 0,3174 0,5462 0,8493 1,2237 1,6431 2,1311 2,6952 3,3114 3,8385 4,5846 5,3909 6,2835 7,2417 8,0233 9,1921 10,2008 11,3278
