0,0046
0,0013
0,0021
0,0095
0,0035
0,0103
0,0051
0,0059
0,0068
0,0081
0,0087
0,0156
0,0158
0,0109
0,0115
0,0121
0,0134
0,0202
0,015
0,016
0,0166
0,0172
0,0178
0,0186
0,0191
0,0211
0,0748
0,036
0,0243
0,025
0,0254
0,0258
0,0265
0,0279
0,0289
0,0306
0,032
0,0325
0,0344
0,0348
0,0392
0,0371
0,0386
0,0401
0,0412
0,0521
0,0436
0,0552
0,0462
0,0474
0,0485
0,0496
0,0511
0,0541
0,0606
0,0542
0,0565
0,0557
0,0569
0,0619
0,0622
0,0597
0,0623
0,0649
0,0633
0,0655
0,0672
0,0667
0,0662
0,0661
0,0693
0,069
0,086
0,0815
0,0716
0,0734
0,0735
0,0744
0,0743
0,0757
0,0763
0,0869
0,0777
0,0789
0,087
0,0805
0,0856
0,0843
0,0845
0,0847
0,0852
0,086
0,0869
0,0885
0,107
0,09
0,0945
0,0929
0,0927
0,0935
0,1057
0,0957
0,0961
0,0972
0,1116
0,1
0,1194
0,1023
0,1019
0,1023
0,1069
0,1163
0,1056
0,1062
0,1225
0,1087
0,1195
0,1104
0,1113
0,112
0,1272
0,1236
0,1142
0,1154
0,1166
0,1176
0,1185
0,119
0,1215
0,121
0,1319
0,1262
0,1235
0,1247
0,3478
0,1444
0,1352
0,1362
0,1332
0,132
0,133
0,1431
0,1417
0,1388
0,1421
0,1454
0,1417
0,1481
0,1409
0,146
0,1425
0,149
0,15
0,1442
0,1452
0,1468
0,1457
0,1599
0,1632
0,1483
0,1491
0,1508
0,1508
0,1517
0,1625
0,154
0,1547
0,1555
0,1671
0,1608
0,1832
0,1708
0,1698
0,1661
0,1672
0,163
0,3554
0,1659
0,18
0,1666
0,1672
0,1695
0,1735
0,1704
0,1812
0,1723
0,1727
0,1905
0,1809
0,1877
0,1791
0,1779
0,1877
0,1884
0,18
0,1821
0,2105
0,1832
0,1845
0,1957
0,1867
0,1864
0,2037
0,1958
0,1998
0,1936
0,1945
0,1946
0,1997
0,2048
0,2072
0,212
0,1975
0,2097
0,1981
0,1993
0,2122
0,2011
0,223
0,213
0,2038
0,2167
0,2052
0,2098
0,2212
0,2081
0,21
0,2102
0,2113
0,2352
0,2146
0,2141
0,234
0,2202
0,2197
0,2189
0,2187
0,2272
0,246
0,2223
0,2246
0,225
0,23
0,2311
0,2312
0,2322
0,2401
0,2325
0,2533
0,2413
0,4268
0,2342
0,2332
0,2357
0,2356
0,2474
0,2381
0,2787
0,2505
0,2405
0,2406
0,241
0,2525
0,2443
0,2597
0,2597
0,2469
0,2647
0,2646
0,2487
0,2494
0,2511
0,2509
0,2513
0,2515
0,2902
0,2592
0,257
0,257
0,269
0,27
0,2732
0,2642
0,2771
0,2642
0,2924
0,2646
0,2655
0,266
0,265
0,2675
0,3122
0,2829
0,2713
0,272
0,2721
0,2735
0,2737
0,2767
0,2762
0,2867
0,2913
0,284
0,2799
0,2807
0,2824
0,2818
0,2959
0,2857
0,2992
0,2857
0,3007
0,286
0,3
0,2895
0,3088
0,3033
0,3029
0,2964
0,298
0,2967
0,2963
0,3085
0,2979
0,311
0,2995
0,3128
0,3011
0,3146
0,3062
0,4332
0,3093
0,3045
0,3074
0,3157
0,309
0,3172
0,3107
0,3203
0,3868
0,3212
0,3153
0,3163
0,3155
0,3228
0,3371
0,3192
0,3205
0,3549
0,3372
0,3345
0,3217
0,3359
0,3255
0,4467
0,3381
0,3307
0,3539
0,354
0,3302
0,3434
0,3326
0,3329
0,3355
0,3362
0,3491
0,3473
0,3659
0,3613
0,3494
0,3555
0,3472
0,3579
0,3728
0,3848
0,3607
0,3574
0,3454
0,3461
0,3624
0,3504
0,3615
0,3525
0,5616
0,3642
0,373
0,3606
0,357
0,368
0,3571
0,3582
0,3775
0,3596
0,3744
0,3733
0,3618
0,485
0,3894
0,3653
0,3765
0,3785
0,3682
0,3706
0,3815
0,3712
0,38
0,3921
0,3868
0,3892
0,3862
0,4032
0,3902
0,3914
0,3922
0,3804
0,3811
0,3938
0,3817
0,384
0,3958
0,392
0,3968
0,3912
0,3944
0,3903
0,3933
0,403
0,3931
0,3936
0,4175
0,4107
0,395
0,4089
0,4081
0,4307
0,4196
0,4475
0,43
0,4198
0,4043
0,4052
0,417
0,4175
0,4052
0,4212
0,4186
0,4202
0,409
0,4095
0,7174
0,4152
0,424
0,4147
0,4167
0,4471
0,4282
0,4188
0,4198
0,4194
0,4314
0,4274
0,4221
0,4237
0,435
0,434
0,4338
0,426
0,4386
0,4386
0,4293
0,4397
0,432
0,4472
0,4604
0,4339
0,4483
0,4357
0,4479
0,4478
0,4382
0,4385
0,4407
0,4534
0,4547
0,442
0,459
0,4448
0,4568
0,4815
0,4496
0,525
0,45
0,4602
0,4617
0,4628
0,4626
0,4539
0,4537
0,4666
0,467
0,469
0,458
0,459
0,4593
0,4927
0,484
0,537
0,4637
0,4769
0,4663
0,4663
0,4777
0,4798
0,4797
0,4951
0,4704
0,4838
0,5031
0,4851
0,4887
0,4869
0,4775
0,4783
0,5142
0,4787
0,5679
0,4815
0,494
0,4939
0,5406
0,5607
0,5795
0,5119
0,489
0,4877
0,4895
0,49
0,5008
0,4943
0,507
0,5076
0,5846
1,3087
0,568
0,5952
0,524
0,5067
0,5012
0,547
0,5028
0,5056
0,6595
0,5708
0,5441
0,5485
0,5097
0,5215
0,5712
0,5277
0,5237
0,5247
0,5267
0,5251
0,5253
0,5176
0,5616
0,5196
0,5186
0,5191
0,5204
0,521
0,524
0,5226
0,5266
0,8121
0,5305
0,5266
0,56
0,5287
0,5317
0,5313
0,5317
0,5396
0,5441
0,5355
0,5511
0,5502
0,5485
0,5483
0,5499
0,5682
0,5535
0,5525
0,6468
0,5545
0,5593
0,5557
0,5572
0,577
0,5599
0,5612
0,5607
0,5611
0,5627
0,5625
0,5654
0,6326
0,5988
0,5622
0,5767
0,5663
0,5674
0,5692
0,562
0,5609
0,5632
0,5629
0,5653
0,5667
0,5675
0,5671
0,5676
0,6039
0,5933
0,586
0,5831
0,5833
0,587
0,5851
0,603
0,5885
0,5918
0,6141
0,5814
0,5796
0,5807
0,5808
0,6545
0,615
0,6005
0,5983
0,5979
0,6009
0,5999
0,6025
0,7433
0,5918
0,6175
0,602
0,6049
0,6048
0,6898
0,67
0,6087
0,5984
0,5991
0,599
0,6035
0,616
0,6139
0,6702
0,6185
0,6161
0,6178
0,6078
0,6079
0,6533
0,6365
0,6215
0,6308
0,6258
0,6237
0,6145
0,6155
0,6455
0,6286
0,6288
0,6302
0,6345
0,632
0,6499
0,6942
0,6356
0,6358
0,6362
0,6397
0,6265
0,628
0,6712
0,6414
0,6414
0,6432
0,6435
0,7497
0,634
0,6805
0,6475
0,649
0,6491
0,639
0,6393
0,6506
0,6711
0,6556
0,6545
0,6457
0,6659
0,658
0,6739
0,6775
0,6486
0,6613
0,6632
0,6634
0,6679
0,6554
0,7649
0,6701
0,6672
0,6968
0,66
0,6696
0,6941
0,6718
0,6719
0,6636
0,6768
0,8152
0,6857
0,6787
0,6852
0,6904
0,8275
0,7175
0,6821
0,7074
0,6839
0,6757
0,7725
0,687
0,6929
0,6767
0,7016
0,69
0,6927
0,8009
0,6836
0,6934
0,6987
0,7737
0,6965
0,6981
0,6984
0,6891
0,6904
0,7016
0,7021
0,6922
0,7105
0,707
0,6964
0,7372
0,7075
0,7087
0,698
0,7166
0,711
0,73
0,7021
0,7449
0,9509
0,7066
0,7168
0,7168
0,7157
0,7189
0,7221
0,7202
0,7132
0,727
0,7261
0,7196
0,746
0,735
0,7283
0,7414
0,7526
0,7197
0,7311
0,7332
0,7339
0,8033
0,7356
0,7378
0,7259
0,7445
0,7385
0,7404
0,741
0,7319
0,7433
0,8532
0,7465
0,746
0,7479
0,7367
0,991
0,74
0,7492
0,7511
0,7819
0,8475
0,7429
0,7589
0,7553
0,7719
0,7571
0,9524
0,7762
0,7627
0,7523
0,9207
0,7648
0,7645
0,7827
0,7832
0,7897
0,7995
0,7735
0,7694
0,7723
0,851
0,7717
0,7999
0,7735
0,7748
0,8139
0,7767
0,7654
0,921
0,7683
0,782
0,7949
0,7822
0,8235
0,7823
0,788
0,7753
0,7859
0,821
0,9012
0,7915
0,7897
0,7915
0,7828
0,8124
0,7952
0,7954
0,7955
0,7845
0,7989
0,8391
0,8524
0,8982
0,8699
0,8151
0,8273
0,8059
0,8415
0,9517
0,8162
0,8139
0,8495
0,7998
0,8134
0,8244
0,8306
0,8278
0,9243
0,8142
0,8154
0,8156
0,8171
0,9032
0,8272
0,8201
0,8362
0,9196
0,8589
0,8244
0,8257
0,8265
0,8256
0,8496
0,8511
0,8316
0,9535
0,8195
0,8337
0,8355
0,8387
0,8233
0,8359
0,835
0,8986
0,9084
0,839
0,8299
0,8404
0,8462
0,8443
0,8336
0,8441
0,8371
0,9155
0,8525
0,8372
0,8457
0,8427
0,849
0,8548
0,8897
0,8522
0,9651
0,855
1,1585
0,8597
0,8573
0,8588
0,8502
0,8977
0,8597
0,8672
0,8657
0,8642
0,888
0,8582
0,8918
0,8704
0,9071
1,0802
0,8707
0,879
0,8724
0,8746
0,8817
0,8751
0,8783
0,8752
0,8819
0,8799
0,8874
0,8843
0,8728
1,0066
0,8952
0,9219
1,043
0,8877
0,8862
0,9197
0,8905
0,8907
0,8889
0,9092
0,9196
0,896
0,9125
0,8968
0,8966
0,9182
0,8988
0,898
0,9478
0,9829
0,922
0,8997
0,9041
0,8939
0,902
0,9283
0,9062
0,9081
0,9443
0,907
0,9374
0,9132
0,9142
0,91
0,9145
1,0034
0,918
0,9096
1,0021
0,9204
0,937
0,921
0,9227
0,9322
0,9542
0,9277
0,9347
0,9756
0,9586
0,9793
1,0542
0,9873
0,9239
0,9292
0,938
0,9224
1,0123
0,9362
0,96
0,94
0,9423
0,9307
0,9511
0,9617
0,9426
1,1037
0,9641
0,9896
0,9582
0,947
0,9487
0,9491
0,9665
0,9505
1,1339
0,9714
0,9574
0,9552
0,9561
0,956
0,9571
0,9603
0,9863
1,1058
0,9837
0,9735
0,9829
0,9713
0,9672
0,9695
0,9687
0,9853
1,2092
0,9727
0,9715
1,0237
0,9741
0,9719
0,9973
1,0653
0,9914
1,005
0,998
0,9809
1,0239
0,9864
0,9836
0,9879
0,9854
0,9902
1,1426
1,0148
0,9871
1,0853
1,1225
0,9918
1,0007
0,9917
0,9915
0,999
0,9959
0,9971
1,0802
1,0114
1,0043
0,9985
1,0018
1,0133
1,0447
1,1492
1,0072
1,0152
1,0317
1,0643
1,0041
1,1797
1,0219
1,0565
1,0363
1,0118
1,0178
1,0469
1,0387
1,068
1,1858
1,0321
1,0546
1,0486
1,0326
1,0259
1,0474
1,0333
1,0629
1,0244
1,046
1,0657
1,0326
1,0408
1,1089
1,2322
1,0366
1,0457
1,0319
1,0656
1,0517
1,1107
1,066
1,0699
1,07
1,083
1,0418
1,0405
1,0712
1,1382
1,0481
1,0807
1,0759
1,0795
1,0517
1,0486
1,0639
1,0778
1,053
1,0857
1,0675
1,0653
1,0976
1,0987
1,0639
1,0659
1,1282
1,068
1,1183
1,0902
1,1052
1,0776
1,0695
1,0643
1,1194
1,0872
1,1027
1,1222
1,0865
1,073
1,0757
1,0725
1,0986
1,0946
1,0902
1,121
1,129
1,1047
1,0827
1,0792
1,1122
1,275
1,0984
1,1203
1,084
1,1228
1,0946
1,087
1,119
1,1327
1,1005
1,0917
1,0939
1,1363
1,1237
1,1381
1,2348
1,1272
1,1057
1,098
1,1273
1,1069
1,1288
1,1062
1,0964
1,1102
1,107
1,109
1,1818
1,1729
1,1331
1,1414
1,147
1,1248
1,1717
1,1137
1,155
1,1319
1,1442
1,1156
1,1246
1,1827
1,1757
1,1794
1,1756
1,1422
1,1566
1,1332
1,1419
1,1346
1,4265
1,2134
1,1344
1,1277
1,1542
1,1295
1,1803
1,1331
1,1505
1,1337
1,1445
1,1466
1,2012
1,2744
1,1377
1,1387
1,1642
1,1718
1,1413
1,1457
1,1481
1,1905
1,1458
1,1455
1,1513
1,2415
1,2294
1,2757
1,1806
1,1692
1,1617
1,1562
1,1562
1,1681
1,1682
1,2411
1,1595
1,1587
1,2087
1,2463
1,1905
1,1622
1,1798
1,177
1,2107
1,1678
1,1712
1,1695
1,2138
1,1696
1,2677
1,2255
1,3481
1,1731
1,1746
1,1757
1,1771
1,3155
1,1788
1,2324
1,1947
1,1804
1,1855
1,2081
1,2636
1,3137
1,1814
1,1947
1,1867
1,1925
1,2444
1,1907
1,2232
1,1982
1,2172
1,1896
1,1912
1,241
1,2697
1,5985
1,2452
1,257
1,2702
1,2845
1,2555
1,2408
1,4304
1,2365
1,2383
1,2815
1,3064
1,3247
1,2101
1,2105
1,2096
1,2243
1,2129
1,3392
1,2132
1,2246
1,326
1,2221
1,2667
1,3524
1,2302
1,2216
1,4362
1,2279
1,2247
1,3591
1,3745
1,2575
1,2583
1,3279
1,2687
1,4119
1,263
1,2631
1,2408
1,3524
1,2436
1,432
1,2884
1,2378
1,2352
1,2477
1,331
1,4482
1,2427
1,2617
1,2685
1,2464
1,2964
1,3902
1,2745
1,2512
1,25
1,275
1,3179
1,4282
1,3052
1,2871
1,2558
1,268
1,2926
1,4739
1,3165
1,2715
1,311
1,2735
1,3057
1,4702
1,2838
1,3586
1,2787
1,3022
1,2731
1,448
1,3063
1,2815
1,4373
1,2728
1,3407
1,4225
1,2755
1,3162
1,3354
1,2793
1,3147
1,5317
1,2885
1,2782
1,3247
1,3254
1,3433
1,4835
1,343
1,2903
1,2877
1,3805
1,2949
1,512
1,315
1,366
1,2926
1,337
1,4064
1,4795
1,379
1,2951
1,3737
1,2997
1,3218
1,6073
1,3326
1,393
1,3319
1,3372
1,3669
1,4555
1,3543
1,313
1,38
1,3527
1,3433
1,5475
1,3194
1,3636
1,3472
1,3737
1,4037
1,4653
1,3447
1,3353
1,3671
1,3547
1,3709
1,3605
1,3797
1,3466
1,3445
1,4521
1,4681
1,3396
1,4177
1,3467
1,3335
1,3814
1,4055
1,3453
1,3806
1,3765
1,3912
1,436
1,3656
1,3411
1,3706
1,3655
1,4091
1,3477
1,3752
1,3895
1,3585
1,4342
1,5156
1,3496
1,3622
1,3622
1,3543
1,3714
1,358
1,3736
1,3563
1,3681
1,4325
1,4488
1,373
1,3924
1,3791
1,3836
1,3692
1,378
1,3783
1,3792
1,3765
1,433
1,4472
1,3794
1,3726
1,379
1,373
1,3743
1,3763
1,3747
1,3882
1,4282
1,4402
1,4781
1,3799
1,3857
1,416
1,3842
1,3905
1,4239
1,4049
1,3977
1,4418
1,4588
1,5018
1,4
1,3907
1,4015
1,3929
1,4182
1,4374
1,394
1,4457
1,3975
1,4601
1,5211
1,7338
1,4509
1,4675
1,4139
1,4069
1,4475
1,4057
1,4542
1,4582
1,6993
1,6384
1,4887
1,4866
1,4421
1,479
1,4226
1,526
1,4475
1,5298
1,4314
1,5331
1,6665
1,4188
1,5004
1,4549
1,4255
1,4878
1,4364
1,4442
1,552
1,4593
1,53
1,588
1,4383
1,4451
1,4926
1,4447
1,4503
1,4651
1,4452
1,4947
1,445
1,6105
1,5797
1,4706
1,4779
1,4382
1,4502
1,4458
1,447
1,454
1,4442
1,4522
1,5641
1,6051
1,4873
1,4662
1,4526
1,4675
1,6914
1,5548
1,4571
1,4712
1,5112
1,5978
1,4761
1,4632
1,4598
1,4753
1,5601
1,4727
1,4852
1,4732
1,5081
1,5795
1,4705
1,4692
1,4816
1,4807
1,5825
1,4822
1,4814
1,5425
1,5234
1,6082
1,4786
1,491
1,4889
1,4799
1,5953
1,4902
1,5184
1,5077
1,5394
1,6574
1,6217
1,494
1,4906
1,5026
1,6283
1,523
1,5534
1,5087
1,5737
1,6109
1,5059
1,5509
1,5641
1,5032
1,6417
1,5307
1,5084
1,5144
1,6696
1,6432
1,5183
1,5629
1,5099
1,6925
1,7084
1,5182
1,5095
1,5332
1,5652
1,6263
1,5126
1,5142
1,5377
1,528
1,609
1,5342
1,5311
1,5342
1,5886
1,6572
1,5554
1,5356
1,5339
1,5267
1,7094
1,5384
1,5689
1,5329
1,5705
1,6161
1,5659
1,576
1,5383
1,5631
1,6415
1,5525
1,5522
1,598
1,589
1,6355
1,5513
1,554
1,5419
1,562
1,7372
1,5457
1,5623
1,612
1,66
1,6467
1,6072
1,5509
1,5659
1,5715
1,7782
1,567
1,5712
1,5783
1,6322
1,7879
1,559
1,5998
1,5715
1,5768
1,6844
1,589
1,5862
1,5697
1,626
1,6649
2,1283
1,5731
1,6355
1,5825
1,6943
1,6241
1,5829
1,5762
1,6316
1,6701
1,6555
1,7215
1,5968
1,6791
1,7548
1,5968
1,59
1,6117
1,6623
1,683
1,582
1,6237
1,7237
1,6027
1,7486
1,6024
1,6057
1,6891
1,6518
1,6886
1,5957
1,5973
1,6066
1,6128
1,709
1,6184
1,613
1,6102
1,7713
1,7104
1,6048
1,6471
1,6056
1,6201
1,7889
1,6109
1,6381
1,625
1,6739
1,6933
1,6285
1,6277
1,7924
1,8406
1,6838
1,6242
1,6343
1,6739
1,6475
1,673
1,6362
1,7228
1,7983
1,6484
1,719
1,6844
1,6488
1,658
1,6475
1,6503
1,7289
1,7223
1,6431
1,6744
1,639
1,6422
1,6698
1,641
1,6562
1,7127
1,8494
1,7227
1,6545
1,659
1,6721
1,7252
1,7728
1,6779
1,7436
1,7612
1,6621
1,6743
1,6668
1,6682
1,675
1,6703
1,6859
1,7922
1,9315
1,7119
1,7111
1,7397
1,7271
1,7472
1,7236
1,7348
1,8067
1,9291
1,7144
1,7024
1,7143
1,7172
1,6764
1,6761
1,6727
1,7815
1,7843
1,7103
1,7111
1,7079
1,7765
1,721
1,6857
1,7089
1,7724
1,867
1,7273
1,7012
1,7223
1,7655
1,6972
1,7147
1,719
1,8089
1,8595
1,7529
1,6965
1,7287
1,7168
1,7601
1,8099
1,72
1,7923
1,8458
1,7049
1,8085
1,748
1,7365
1,7315
1,7545
1,8107
1,8192
1,8881
1,7415
1,7768
1,8614
1,7883
1,7347
1,805
1,7608
1,8281
2,0496
1,7143
1,7696
1,7239
1,7635
1,777
1,733
1,7795
1,805
2,1209
1,754
1,7368
1,734
1,8264
1,7623
1,7838
1,7405
1,8541
2,0591
1,7374
1,785
1,7736
1,8022
1,7447
1,7387
1,7477
1,8227
1,8812
1,7542
1,8124
1,8903
1,7798
1,8212
1,7612
1,7915
1,8695
1,9843
1,9574
1,7908
1,8928
1,8394
1,7967
1,8302
1,802
1,8915
1,9557
1,7785
1,7767
1,7747
1,8051
1,8089
1,857
1,7749
1,8509
1,9117
1,7775
1,8063
1,7808
1,7859
1,7755
1,7872
1,7865
1,851
1,8682
1,789
1,7872
1,7884
1,7887
1,7844
1,8115
1,7942
1,866
1,8996
1,7925
1,822
1,7963
1,8775
1,7986
1,8134
1,799
1,9305
1,8997
1,8011
1,7936
1,8027
1,8967
1,8484
1,7942
1,812
1,9208
2,1537
1,8367
1,8231
1,8585
1,9415
1,806
1,8175
1,8195
1,9171
1,9032
1,8204
1,8208
1,8192
1,9413
2,0227
1,8429
1,8734
1,9277
1,8302
1,8751
1,8604
2,075
1,8272
1,83
1,9053
1,9562
1,8335
1,865
1,856
1,9495
1,8525
1,8395
1,955
1,935
1,8383
1,8423
1,835
1,9755
1,845
1,8336
1,8956
1,9331
1,9042
1,8483
1,8925
