1,6882
0,0902
0,0219
0,0276
0,0092
0,011
0,0172
0,0148
0,0165
0,0192
0,0203
0,0222
0,0274
0,0259
0,0278
0,0337
0,035
0,0412
0,056
0,0408
0,042
0,0443
0,0457
0,0483
0,0467
0,0704
0,0559
0,056
0,0601
0,062
0,06
0,0667
0,0696
0,0667
0,0657
0,0677
0,0685
0,0884
0,0712
0,0761
0,0806
0,0807
0,0882
0,0914
0,0894
0,0918
0,0964
0,098
0,1033
0,1054
0,1082
0,1136
0,1133
0,1295
0,1138
0,1176
0,1287
0,1202
0,121
0,126
0,1408
0,1275
0,1348
0,15
0,1415
0,138
0,171
0,1504
0,1667
0,1545
0,1257
0,1481
0,1367
0,1317
0,136
0,1362
0,1386
0,1516
0,1597
0,1557
0,1538
0,1459
0,1705
0,1684
0,1511
0,1527
0,1951
0,2481
0,1656
0,1729
0,1691
0,1857
0,2025
0,1824
0,2192
0,1741
0,1796
0,1883
0,1825
0,1573
0,1612
0,1603
0,1832
0,1938
0,1837
0,191
0,1661
0,1762
0,1748
0,191
0,1899
0,1944
0,1839
0,1986
0,1898
0,1777
0,2043
0,1657
0,1646
0,1744
0,1686
0,1662
0,1697
0,7099
0,1808
0,1739
0,1724
0,1838
0,1805
0,1885
0,1814
0,1825
0,1827
0,1828
0,1928
0,2008
0,189
0,2002
0,1728
0,1772
0,1785
0,1793
0,18
0,1846
0,1853
0,1845
0,1955
0,185
0,206
0,2011
0,206
0,1935
0,2
0,1846
0,1816
0,194
0,222
0,1917
0,1944
0,1869
0,1912
0,1889
0,1898
0,1897
0,1912
0,1927
0,1939
0,1978
0,1862
0,1927
0,186
0,1938
0,1875
0,1985
0,2611
0,1851
0,1944
0,1873
0,196
0,1894
0,1987
0,1913
0,1925
0,1934
0,1941
0,1959
0,1925
0,1848
0,1853
0,1852
0,1873
0,1875
0,1881
0,1931
0,1908
0,199
0,1918
0,2004
0,194
0,2027
0,1974
0,1964
0,1995
0,2062
0,1996
0,208
0,2012
0,2103
0,2032
0,2114
0,2052
0,2143
0,2069
0,21
0,2073
0,2035
0,2033
0,2041
0,2052
0,2064
0,2079
0,2717
0,212
0,2211
0,2155
0,2182
0,2103
0,2213
0,2118
0,2135
0,2146
0,2151
0,2396
0,2167
0,2174
0,2185
0,23
0,2205
0,2287
0,222
0,2231
0,2238
0,2252
0,229
0,2225
0,2313
0,2437
0,2467
0,6087
0,2992
0,2509
0,2434
0,2297
0,2307
0,2318
0,233
0,2465
0,2773
0,2636
0,2518
0,236
0,2378
0,2382
0,2397
0,2555
0,2414
0,2425
0,2431
0,2455
0,2573
0,246
0,2467
0,2935
0,2549
0,2504
0,2528
0,2554
0,2568
0,258
0,2583
0,2691
0,2609
0,261
0,2727
0,263
0,2641
0,2755
0,2665
0,2669
0,2782
0,2682
0,2705
0,2728
0,273
0,2727
0,2736
0,3049
0,293
0,2847
0,2892
0,295
0,3167
0,2813
0,2761
0,2839
0,4105
0,2798
0,2807
0,2945
0,3155
0,2858
0,292
0,286
0,2903
0,2876
0,2987
0,2919
0,2955
0,2943
0,3013
0,2962
0,3549
0,334
0,3543
0,3558
0,3127
0,3017
0,308
0,3036
0,3108
0,3055
0,3246
0,3074
0,3189
0,3165
0,3078
0,3104
0,3214
0,3128
0,3146
0,312
0,3147
0,3163
0,3262
0,318
0,3186
0,3186
0,3202
0,3304
0,337
0,3211
0,3231
0,3237
0,5419
0,3262
0,4147
0,3297
0,3374
0,3403
0,3238
0,325
0,3492
0,338
0,3375
0,3367
0,3298
0,3307
0,3304
0,3323
0,3415
0,3446
0,3554
0,3356
0,4753
0,373
0,3576
0,3535
0,3403
0,3425
0,3535
0,3499
0,362
0,3511
0,3552
0,3655
0,3567
0,3555
0,4776
0,3728
0,3583
0,3775
0,3691
0,3686
0,3764
0,3671
0,5861
0,3696
0,3771
0,3666
0,367
0,3782
0,3695
0,4474
0,4322
0,4339
0,3863
0,3879
0,4092
0,396
0,3828
0,4065
0,3972
0,3785
0,3926
0,3895
0,3797
0,4193
0,3965
0,3842
0,3839
0,3952
0,3862
0,3881
0,3989
0,4004
0,4037
0,4056
0,4196
0,4097
0,4074
0,4101
0,419
0,4118
0,4096
0,4194
0,4237
0,4212
0,4195
0,4255
0,4311
0,4154
0,4212
0,4182
0,6457
0,4199
0,4075
0,4089
0,4208
0,422
0,4402
0,4134
0,4264
0,4245
0,4145
0,4165
0,4288
0,4292
0,4178
0,4199
0,5194
0,4906
0,4402
0,4386
0,4413
0,4401
0,4415
0,4491
0,4436
0,44
0,4413
0,4414
0,4548
0,456
0,4433
0,4417
0,4421
0,4517
0,4657
0,479
0,4499
0,4587
0,452
0,464
0,4627
0,4504
0,453
0,4525
0,4607
0,4614
0,4646
0,4576
0,4585
0,4584
0,4675
0,5675
0,4707
0,4658
0,4637
0,4989
0,4635
0,4736
0,5591
0,4822
0,5002
0,4704
0,4706
0,4703
0,4712
0,4794
0,4835
0,6187
0,4856
0,4786
0,4794
0,4818
0,4806
0,5964
0,502
0,5046
0,496
0,4845
0,486
0,491
0,4877
0,4987
0,4996
0,4922
0,5357
0,5071
0,5036
0,5034
0,4937
0,4959
0,5816
0,509
0,5017
0,5005
0,501
0,5028
0,5011
0,5105
0,5132
0,5159
0,5168
0,5162
0,5191
0,5194
0,5235
0,5299
0,5023
0,5254
0,5042
0,5044
0,5097
0,5077
0,6365
0,5096
0,5243
0,5204
0,5246
0,5296
0,54
0,5857
0,5345
0,5165
0,5169
0,5315
0,5194
0,5194
0,6022
0,5208
0,5221
0,5225
0,5261
0,5351
0,539
0,5414
0,539
0,5422
0,5407
0,541
0,5425
0,6842
0,6705
0,5471
0,5464
0,5467
0,5498
0,5483
0,5505
0,5516
0,5522
0,5591
0,5535
0,5563
0,5554
0,5554
0,5584
1,0391
0,5644
0,565
0,561
0,5612
0,5651
0,5691
0,5696
0,5658
0,6083
0,5743
0,5724
0,7115
0,582
0,5647
0,5848
0,5822
0,5681
0,5705
0,5637
0,5655
0,5664
0,5641
0,5664
0,577
0,7107
0,6061
0,5826
0,5759
0,5826
0,5797
0,6276
0,5859
0,6013
0,6024
0,5919
0,5909
0,593
0,585
0,595
0,5854
0,5855
0,5849
0,5927
0,5863
0,6543
0,6174
0,5948
0,5927
0,7099
0,7957
0,6075
0,6067
0,6093
0,5986
0,597
0,5987
0,5985
0,6014
0,6413
0,6253
0,6256
0,6283
0,6332
0,6055
0,6075
0,62
0,6202
0,6199
0,6302
0,6222
0,6289
0,7312
0,6318
0,6275
0,6287
0,6275
0,618
0,6212
0,6328
0,6504
0,6324
0,6332
0,6342
0,6344
0,6277
0,7209
0,6329
0,6355
0,6367
0,64
0,6389
0,6417
0,6325
0,6332
0,6457
0,6452
0,6446
0,9017
0,6524
0,643
0,6552
0,6527
0,6519
0,6542
0,6429
0,6486
0,6578
0,6572
0,6603
0,6484
0,7837
0,6834
0,6632
0,661
0,653
0,664
0,6664
0,6662
0,6677
0,6582
0,8956
0,6963
0,6707
0,6761
0,6742
0,68
0,6739
0,6647
0,6648
0,6762
0,6783
0,778
0,6702
0,6799
0,683
1,3807
0,8403
0,6907
0,7016
0,7065
0,6895
0,6795
0,8182
0,6904
0,691
0,6798
0,6922
0,7037
0,6943
0,6871
0,6858
0,6999
0,6985
0,7657
0,6897
0,7006
0,7022
0,7008
0,691
0,7037
0,723
0,6955
0,6958
0,7074
0,7109
0,6977
0,7117
0,711
0,714
0,7015
0,7143
0,715
0,7165
0,8945
0,9958
0,7941
0,7448
0,7408
0,7253
0,7245
0,7132
0,7245
0,732
0,716
0,7592
0,729
0,7178
0,7284
0,7316
0,7291
0,7648
0,7402
0,7402
0,74
0,7389
0,7267
0,8472
0,7416
0,7417
0,7394
0,7417
0,7419
0,744
0,7444
0,7485
0,7376
0,7478
0,7477
0,7707
0,7581
0,7511
0,7857
0,7527
0,7664
0,7931
0,7912
0,7685
0,7567
0,755
0,7642
0,7603
0,7592
0,7621
0,7622
0,7635
0,7677
0,7566
0,7687
0,7673
0,7679
0,8021
0,7595
0,7716
0,7831
0,8739
0,7732
0,7636
0,775
0,7806
0,7666
0,7804
0,7789
0,7856
0,7815
0,785
0,7806
0,7577
0,7718
0,7733
0,76
0,781
0,788
0,8126
0,9982
0,8143
0,792
0,792
0,7941
0,7827
0,7958
0,7964
0,7978
0,8018
0,8214
0,8051
0,7901
0,8018
0,792
0,804
0,8044
0,8071
0,8397
0,8963
0,8079
0,945
0,8154
0,8121
0,7997
0,8022
0,8008
0,8033
0,9695
0,8181
0,823
0,87
0,828
0,962
0,9435
0,8624
1,0083
1,1299
0,834
0,8259
0,891
0,818
0,8291
0,8295
0,8295
0,8324
0,9539
0,8587
0,8338
0,8338
0,8366
0,8361
0,8392
0,8383
0,8389
0,987
0,8404
0,8327
0,8425
0,8346
0,8455
0,8992
0,8498
0,8372
0,9355
0,8485
0,8502
0,8517
0,8519
0,8524
0,8538
0,8899
0,8493
0,963
0,8476
0,8597
0,8528
0,8482
0,8375
0,8487
0,8478
0,85
0,8583
0,8547
0,8659
0,8568
0,8649
0,867
0,8745
0,9258
0,9532
0,8722
1,0616
0,9599
0,8829
0,877
0,8759
0,8845
0,8701
0,8835
0,8795
0,8792
0,9066
0,8852
0,8858
0,876
0,9463
0,989
0,8786
0,89
0,8903
0,952
0,892
0,8825
0,8982
0,8952
0,8899
0,899
0,8955
0,8988
1,1639
0,9054
0,9022
0,9731
0,9905
0,9098
0,9118
0,9032
0,9068
0,9072
1,0843
0,9229
0,9129
0,9155
0,9121
0,915
0,9147
0,9157
0,9152
1,388
1,0358
0,922
0,9301
0,9215
0,9214
0,9241
0,9253
0,925
0,9307
0,9286
0,9264
0,9587
0,9281
0,9302
0,9332
0,9605
1,0122
1,1196
0,942
0,9348
0,9405
0,9367
0,9385
0,9441
0,9421
0,9405
1,0038
0,9485
0,9432
0,9448
0,9444
0,9811
0,9874
0,9505
0,9488
1,0211
0,9543
0,9516
0,9519
0,954
0,95
0,9643
0,9557
0,957
0,9578
0,971
0,9651
0,9947
1,0227
0,9641
0,9644
0,9674
0,9715
1,0141
0,976
0,9893
0,9718
0,9781
0,9703
0,9799
0,9718
0,974
1,0537
0,9971
1,0631
0,9773
0,9795
0,9794
0,9797
0,9816
0,9823
1,0271
0,9865
0,9846
0,985
0,9867
0,9878
0,9919
1,0364
1,0643
1,0002
0,9917
0,9943
0,9958
0,9939
0,9957
0,9972
0,9997
0,9989
1,1713
1,0325
1,0027
1,0322
1,0917
1,1156
1,0159
1,0079
1,0078
1,0169
1,0085
1,0105
1,001
1,0127
1,0165
1,0132
1,0141
1,0141
1,0418
1,0593
1,0935
1,006
1,0825
1,0239
1,0065
1,0199
1,2542
1,0432
1,0292
1,0265
1,0286
1,0332
1,0389
1,0295
1,0617
1,2365
1,033
1,0362
1,045
1,0614
1,0531
1,0474
1,0464
1,2241
1,188
1,039
1,0248
1,0419
1,0452
1,084
1,0472
1,0662
1,0617
1,0485
1,0507
1,0494
1,0529
1,0545
1,0524
1,0523
1,0798
1,0549
1,0767
1,1089
1,0593
1,0609
1,0599
1,0598
1,2609
1,0802
1,0647
1,0653
1,0785
1,0785
1,081
1,0672
1,1077
1,1108
1,076
1,0675
1,0722
1,0693
1,0754
1,0831
1,0771
1,0774
1,0902
1,0772
1,0808
1,0796
1,1025
1,1356
1,0839
1,0889
1,0855
1,0856
1,0873
1,0874
1,0889
1,0917
1,0938
1,1041
1,0952
1,0993
1,1206
1,1886
1,1162
1,1173
1,1655
1,121
1,109
1,1192
1,1097
1,1366
1,1187
1,114
1,5735
1,1639
1,2152
1,2173
1,148
1,1385
1,1602
1,1795
1,1915
1,1562
1,1409
1,1428
1,1445
1,1351
1,142
1,8615
1,1986
1,296
1,1406
1,1497
1,15
1,1978
1,2849
1,2072
1,4837
1,3848
1,1488
1,1482
1,1727
1,201
1,3575
1,1632
1,1688
1,2152
1,1447
1,1562
1,1597
1,3102
1,1492
1,1378
1,142
1,1416
1,2042
1,3086
1,1438
1,1615
1,1463
1,1489
1,1498
1,1538
1,1546
1,1506
1,1583
1,1535
1,1555
1,2235
1,2417
1,168
1,174
1,1662
1,16
1,1601
1,1641
1,1646
1,1752
1,1744
1,356
1,4568
1,2352
1,3357
1,1703
1,1748
1,1726
1,1718
1,392
1,1758
1,1788
1,1767
1,1781
1,1887
1,1892
1,5603
1,3295
1,1974
1,193
1,2037
1,185
1,1862
1,2561
1,1893
1,1876
1,1886
1,1897
1,1896
1,2533
1,335
1,1927
1,1941
1,1938
1,1963
1,1998
1,2068
1,4364
1,2327
1,2768
1,2135
1,2045
1,2631
1,3283
1,3662
1,2084
1,2077
1,2114
1,224
1,214
1,224
1,3334
1,2359
1,2153
1,2385
1,3571
1,2188
1,2184
1,2334
1,2195
1,22
1,2219
1,223
1,2336
1,222
1,2292
1,258
1,311
1,2275
1,2285
1,228
1,2347
1,24
1,252
1,2335
1,233
1,2431
1,2509
1,2986
1,301
1,3007
1,239
1,2402
1,2408
1,3191
1,2413
1,2439
1,3687
1,256
1,246
1,2878
1,3238
1,2495
1,2497
1,3012
1,2632
1,2525
1,2526
1,255
1,2659
1,2564
1,2735
1,29
1,3574
1,2605
1,2604
1,272
1,2674
1,2904
1,2815
1,2871
1,2664
1,2654
1,2805
1,3222
1,3495
1,2859
1,2725
1,2715
1,284
1,2774
1,2758
1,2987
1,2774
1,2801
1,2801
1,3412
1,3533
1,294
1,423
1,2842
1,2994
1,2859
1,2917
1,3008
1,291
1,3508
1,2921
1,3492
1,4083
1,2967
1,307
1,3485
1,2879
1,2734
1,307
1,2897
1,2968
1,2955
1,3124
1,3737
1,3615
1,3247
1,3046
1,3147
1,3286
1,303
1,3145
1,3067
1,3288
1,3067
1,3081
1,5484
1,3793
1,3504
1,3235
1,3318
1,3275
1,3177
1,3345
1,319
1,3242
1,3275
1,3622
1,396
1,5309
1,3853
1,3472
1,3294
1,344
1,3417
1,373
1,3303
1,3565
1,333
1,425
1,4422
1,3347
1,3817
1,3377
1,3745
1,3446
1,3605
1,3676
1,4405
1,39
1,4689
1,563
1,425
1,4171
1,5668
1,4395
1,4127
1,4014
1,3987
1,4129
1,4282
1,4892
1,5806
1,4172
1,4211
1,4227
1,45
1,4093
1,3895
1,4869
1,3722
1,3861
1,5605
1,521
1,3788
1,403
1,4113
1,7084
2,1157
1,3842
1,3727
1,395
1,3837
1,4514
1,5552
1,3871
1,3766
1,3867
1,3809
1,4077
1,3816
1,3854
1,3814
1,4102
1,4598
1,4946
1,3958
1,3868
1,4065
1,4077
1,3897
1,394
1,4052
1,5292
1,4062
1,4445
1,563
1,4146
1,4039
1,4777
1,4025
1,409
1,4018
1,4178
1,4023
1,4143
1,4645
1,5148
1,4057
1,4067
1,4168
1,41
1,5937
1,4494
1,4588
1,4587
1,4233
1,5093
1,6204
1,4173
1,4278
1,4195
1,4321
1,422
1,8076
1,444
1,4339
1,4247
1,5171
1,5865
1,5337
1,4377
1,4415
1,4326
1,4414
1,4339
1,7182
1,4711
1,4454
1,4942
1,6179
1,9947
1,9097
1,558
1,5978
1,4537
1,4496
1,6293
1,444
1,4607
1,5315
1,5936
1,4834
1,4727
1,4585
1,4547
1,4596
1,4656
1,4503
1,4735
1,4544
1,5116
1,4688
1,4687
1,5267
1,5012
1,4702
1,459
1,4709
1,4682
1,5332
1,5334
1,4652
1,4652
1,4987
1,4675
1,4868
1,4637
1,4439
1,4725
1,5178
1,5289
1,478
1,4862
1,4765
1,479
1,4885
1,4797
1,4802
1,4938
1,52
1,5502
1,4938
1,64
1,4866
1,4862
1,5043
1,5049
1,4883
1,5468
1,5394
1,5504
1,4975
1,517
1,5256
1,526
1,5111
1,578
1,5272
1,4968
1,5392
2,5703
1,5232
1,6475
1,6405
1,7372
1,8622
1,5566
1,5225
1,524
1,5838
1,9439
1,5282
1,5291
1,5272
1,5286
1,5177
1,5173
1,5405
1,529
1,5848
1,6077
1,6157
1,5327
1,536
1,5243
1,549
1,5569
1,5395
1,5371
1,5712
1,5871
1,5289
1,5507
1,5403
1,5308
1,5788
1,5452
1,5515
1,5744
1,5833
1,5989
1,5402
1,5455
1,609
1,5437
1,5412
1,5553
1,5669
1,5452
1,6072
1,6133
1,5492
1,5623
1,5582
1,6715
1,5792
1,5605
1,5514
1,5685
1,6241
1,6555
1,57
1,5668
1,562
1,5653
1,6723
1,5769
1,5742
1,5747
1,6212
1,6315
1,6164
1,5709
1,5904
1,6047
1,5735
1,5721
1,6177
1,5736
1,6346
1,6456
1,5753
1,6101
1,6088
1,5903
1,593
1,5931
1,6257
1,5817
1,6183
1,6367
1,5937
1,6282
1,599
1,6
1,6184
1,614
1,588
1,7707
1,6442
1,6676
1,6045
1,606
1,6525
1,6083
1,601
1,6001
1,5962
1,6082
1,6524
1,6909
1,7264
1,6164
1,6142
1,6791
1,6177
1,637
1,6197
1,6182
1,8426
1,72
1,5954
1,6204
1,6125
1,6139
1,7791
1,6209
1,621
1,63
1,6909
1,6167
1,6228
1,6251
1,6282
1,699
1,7744
1,638
1,6343
1,6366
1,6387
1,6296
1,6421
1,748
1,7617
1,6404
1,9603
1,6685
1,653
1,6512
1,6472
1,6711
1,7263
1,7511
1,6502
1,6521
1,6554
1,6547
1,6557
1,6577
1,6553
1,7207
1,7468
1,6587
1,6651
1,6953
1,6959
1,6814
1,6632
1,6676
1,743
1,75
1,7702
1,6895
1,6603
1,6612
1,6788
1,7217
1,672
1,7403
1,748
1,6628
1,6836
1,6659
1,667
1,6702
1,6674
1,6718
1,7339
1,7611
1,6728
1,6752
1,6739
1,6788
1,6893
1,6887
1,6878
1,7595
1,7865
1,6955
1,692
1,694
1,6943
1,7562
1,6991
1,6996
1,7656
1,7762
1,884
1,7401
1,7215
1,7162
1,7076
2,0531
1,7382
1,7812
1,8714
1,7395
1,7519
1,716
1,6995
1,7027
1,748
1,7983
1,9314
1,906
1,7129
1,7163
1,7938
1,744
1,7485
1,7222
1,7222
1,9831
1,8666
1,7386
1,7192
1,7145
1,8265
1,7337
1,7287
1,7356
1,7969
1,8986
1,7268
1,7255
1,7356
1,737
1,8036
1,7399
1,7385
1,8129
1,8322
1,747
1,7436
1,7433
1,7451
1,7467
1,7872
1,7398
1,8212
1,837
1,7485
1,8035
1,9399
1,7534
1,7599
1,7648
1,802
1,8884
1,8481
1,769
1,7832
1,8556
1,7547
1,9162
1,7686
1,7694
1,9492
1,8972
1,7655
1,7592
1,7728
1,8687
1,7799
1,7626
1,771
1,8561
1,8759
1,7657
1,7793
1,773
1,7925
1,8164
1,7783
1,7812
1,8855
1,9229
1,7827
1,7838
1,7866
1,775
1,8316
1,7974
1,7866
1,8721
1,875
1,7941
1,7912
1,7819
1,7887
1,7977
1,7935
1,9034
1,8723
1,9022
1,799
1,7924
1,8034
1,8019
1,8028
1,7946
1,8049
1,8788
1,8892
1,8045
1,8315
1,8075
1,8093
1,8137
1,8106
2,1395
1,8877
1,9741
1,815
1,8132
1,8445
1,8105
1,8555
1,8232
1,8583
1,908
1,8224
1,8257
1,824
2,3232
1,8824
1,8304
1,9032
1,9772
1,8271
1,8359
1,9017
1,95
1,9047
1,8575
1,894
1,9136
1,8374
1,84
1,8383
1,839
1,8406
1,9123
1,9061
1,9241
1,8472
1,8345
1,9368
1,8475
1,8448
1,8532
