0,0015
0,0012
0,002
0,0027
0,0037
0,008
0,005
0,0057
0,0069
0,0073
0,0082
0,0088
0,0095
0,0655
0,0143
0,0537
0,0374
0,0301
0,016
0,0147
0,0155
0,0163
0,0248
0,019
0,02
0,0215
0,0219
0,0225
0,0467
0,0352
0,026
0,0265
0,0277
0,036
0,03
0,0327
0,0356
0,0325
0,0341
0,0347
0,04
0,061
0,0401
0,0407
0,0422
0,0431
0,0485
0,0457
0,0469
0,0641
0,0615
0,0537
0,0505
0,0514
0,0524
0,0531
0,0543
0,055
0,056
0,0707
0,0614
0,0622
0,0597
0,0618
0,062
0,0662
0,0642
0,0652
0,0768
0,0705
0,0672
0,068
0,0747
0,0695
0,0737
0,0716
0,0836
0,074
0,0737
0,0785
0,0756
0,0804
0,078
0,0912
0,088
0,0808
0,0813
0,0825
0,0881
0,0846
0,1003
0,0915
0,0957
0,0882
0,0903
0,0935
0,1039
0,096
0,0961
0,0972
0,0994
0,0964
0,1014
0,1009
0,1012
0,1152
0,1137
0,1147
0,1114
0,104
0,1069
0,1047
0,1068
0,124
0,121
0,1077
0,1091
0,1252
0,114
0,1125
0,1124
0,1179
0,1272
0,1184
0,1212
0,1181
0,1188
0,1306
0,121
0,1205
0,1254
0,1236
0,1558
0,1687
0,1844
0,1575
0,1665
0,1609
0,1875
0,1682
0,1631
0,1628
0,1761
0,1671
0,1612
0,153
0,1405
0,1413
0,1393
0,1393
0,1456
0,1448
0,1477
0,1597
0,1518
0,1517
0,1467
0,1617
0,1475
0,1517
0,15
0,1576
0,1508
0,1555
0,1582
0,1578
0,1601
0,1555
0,1887
0,1591
0,1654
0,1749
0,1599
0,1622
0,1651
0,1645
0,3692
0,1759
0,1654
0,1665
0,1674
0,1688
0,1696
0,1698
0,3878
0,1833
0,185
0,1739
0,1745
0,1756
0,1762
0,1765
0,1782
0,1794
0,1799
0,1812
0,1857
0,1829
0,1836
0,1847
0,1855
0,1868
0,1877
0,1866
0,189
0,1902
0,1913
0,1918
0,1932
0,1937
0,1959
0,1952
0,1966
0,2085
0,1984
0,1994
0,2117
0,201
0,2017
0,2043
0,2034
0,2053
0,2055
0,2066
0,22
0,208
0,2089
0,2189
0,2112
0,2125
0,2788
0,2534
0,2233
0,2225
0,2271
0,221
0,2335
0,2273
0,2397
0,2598
0,2228
0,2398
0,2238
0,2361
0,2257
0,2253
0,228
0,228
0,2477
0,2462
0,3751
0,233
0,2334
0,2342
0,2346
0,2461
0,2371
0,249
0,239
0,2399
0,24
0,2476
0,2676
0,2439
0,2657
0,2452
0,2597
0,2594
0,2645
0,2485
0,2507
0,2528
0,2516
0,2674
0,2544
0,2712
0,2602
0,2711
0,2625
0,273
0,2617
0,2599
0,2618
0,2618
0,2628
0,2691
0,2681
0,2697
0,267
0,2664
0,2784
0,2686
0,2809
0,269
0,2825
0,2724
0,2867
0,2723
0,284
0,2755
0,3893
0,299
0,286
0,2985
0,2804
0,2895
0,2977
0,2927
0,2839
0,2932
0,2835
0,2875
0,2867
0,2872
0,2875
0,2903
0,2908
0,293
0,2932
0,2941
0,3033
0,2959
0,3079
0,2978
0,3071
0,2995
0,3113
0,301
0,3019
0,3028
0,3827
0,3968
0,3242
0,3101
0,3077
0,3095
0,3173
0,3106
0,3204
0,3113
0,312
0,3145
0,3365
0,3237
0,3174
0,324
0,3182
0,3282
0,3202
0,3215
0,3284
0,3234
0,3344
0,3253
0,4266
0,336
0,3278
0,4229
0,3581
0,3422
0,3426
0,3306
0,3324
0,3467
0,3356
0,3498
0,3359
0,338
0,3498
0,34
0,342
0,3499
0,3419
0,3515
0,3422
0,3452
0,3609
0,3463
0,3578
0,3468
0,3492
0,3624
0,3495
0,3737
0,3671
0,3528
0,3667
0,3587
0,3554
0,3706
0,3587
0,3593
0,377
0,3675
0,3686
0,3872
0,4822
0,3744
0,3827
0,3702
0,3659
0,38
0,3705
0,3706
0,3826
0,3725
0,3805
0,3833
0,384
0,3762
0,3842
0,3821
0,3715
0,3838
0,3846
0,3805
0,3822
0,3946
0,382
0,3835
0,4028
0,3871
0,3866
0,4
0,3877
0,3907
0,4007
0,4152
0,3952
0,3952
0,4245
0,4325
0,4132
0,4217
0,3983
0,4105
0,3993
0,4027
0,4119
0,4134
0,4026
0,4057
0,4162
0,4251
0,4057
0,4105
0,4193
0,411
0,4099
0,4245
0,4231
0,4136
0,4147
0,4147
0,4516
0,4293
0,4179
0,4182
0,4299
0,4312
0,4205
0,4233
0,4254
0,4348
0,4247
0,4268
0,4272
0,4385
0,4729
0,5032
0,4507
0,433
0,4441
0,4443
0,4248
0,4263
0,4276
0,4429
0,44
0,43
0,4307
0,4451
0,4509
0,4417
0,4422
0,4439
0,4573
0,4565
0,4552
0,4472
0,4577
0,4494
0,4692
0,4623
0,4512
0,4674
0,4531
0,4659
0,4662
0,4575
0,4588
0,4575
0,4595
0,4717
0,4717
0,4725
0,462
0,4636
0,4654
0,963
0,4677
0,4675
0,4792
0,4803
0,4812
0,471
0,4714
0,5516
0,475
0,4889
0,4922
0,4879
0,478
0,4784
0,4805
0,4854
0,4815
0,883
0,5575
0,5449
0,5453
0,5342
0,6853
0,5335
0,5303
0,5666
0,5503
0,5936
0,5067
0,5047
0,5074
0,5065
0,4965
0,4962
1,9785
0,6299
0,6487
0,8162
0,5019
0,5139
0,5113
0,5129
0,5299
0,5185
0,5144
0,5105
0,5181
0,5511
1,6428
0,523
0,5259
0,5213
0,5264
0,5232
0,5154
0,5169
0,5167
0,5188
0,5189
0,5203
0,5277
0,5243
0,5334
1,6202
0,5756
0,5393
0,5441
0,5397
0,5402
0,5415
0,5437
0,5428
0,5435
0,5444
0,5383
0,536
0,5355
0,5392
0,542
0,6297
0,5395
0,5407
0,5405
0,5422
0,5425
0,5439
0,5461
0,5458
0,5461
0,5477
0,548
0,5496
0,55
0,5525
0,6192
0,5676
0,5741
0,567
0,5672
0,5687
0,5689
0,571
0,57
0,5745
0,5743
0,611
0,5876
0,5758
0,5817
0,5778
0,5781
0,5826
0,5932
0,591
0,5854
0,588
0,5772
0,574
0,6433
0,6038
0,6163
0,5902
0,5938
0,7594
0,5989
0,5936
0,5933
0,5935
0,5852
0,5862
0,5854
0,7055
0,588
0,5987
0,5999
0,601
0,6017
0,6044
0,6382
0,6061
0,6049
0,6057
0,5955
0,6025
0,5989
0,6002
0,6104
0,6154
0,6127
0,615
0,6145
0,6172
0,6155
0,7615
0,6364
0,6486
0,625
0,622
0,6236
0,6122
0,612
0,6156
0,6169
0,6275
0,6285
0,6303
0,6764
0,7639
0,6211
0,6326
0,6407
0,634
0,6343
0,6368
0,6247
0,6262
0,6277
0,6394
0,6435
0,7106
0,6418
0,7018
0,6462
0,6452
0,634
0,6362
0,6375
0,6531
0,6508
0,655
0,651
0,642
0,6512
0,6727
0,7245
0,6453
0,6451
0,6467
0,6578
0,66
0,6601
0,6621
0,8069
0,663
0,6639
0,6643
0,6545
0,656
0,6739
0,6678
0,6692
0,6709
0,6597
0,741
0,6731
0,6744
0,6772
0,6652
0,6757
0,6781
0,6795
0,8087
0,6697
0,6838
0,7656
0,676
0,6751
0,6886
0,6992
0,688
0,6834
0,6959
0,6938
0,6896
0,6958
0,7681
0,6928
0,6944
0,6834
0,6866
0,7246
0,6981
0,69
0,69
0,6996
0,707
0,6928
0,7197
0,6977
0,7047
0,7022
0,704
0,6962
0,7081
0,7148
0,7686
0,8179
0,7112
0,7097
0,7187
0,7056
0,7172
0,7169
0,7059
0,7188
0,7202
0,7207
0,7129
0,7221
0,7237
0,7122
0,7587
0,7204
0,7285
0,7297
0,7187
0,7322
0,8664
0,724
0,7402
0,7476
0,739
0,7566
0,7373
0,7351
0,7214
0,723
0,8257
0,7274
0,736
0,7402
0,743
0,7327
0,8246
0,7492
0,7474
0,7387
0,8269
0,7505
0,7501
0,7515
0,7527
0,7523
0,7546
0,7545
0,7789
0,7576
0,8282
0,7586
0,7606
0,7506
0,762
0,7639
0,7635
0,7652
0,7672
0,7774
0,8541
0,7572
0,7634
0,769
0,771
0,7713
0,7976
0,773
0,7839
0,811
0,7817
0,7663
0,7782
0,7785
0,7816
0,7864
0,7704
0,7842
0,8523
0,8615
0,7855
1,0805
0,8002
0,7885
0,7792
0,791
0,7906
0,7956
0,795
0,7975
0,8081
0,7926
0,7969
0,7864
0,7981
0,803
0,8002
0,84
0,8816
0,8033
0,8269
0,804
0,8641
0,9433
0,8075
0,8128
0,8095
0,8105
0,8158
0,8117
0,8051
0,8152
0,8052
0,8276
0,8052
0,8055
0,8636
0,8273
0,8208
0,8352
0,8316
0,8227
0,8238
0,9468
0,8998
0,8853
0,8307
0,8288
0,8303
0,8344
0,8242
0,8348
0,8235
0,8479
0,9875
0,8315
0,8422
0,8363
0,8387
0,841
0,8405
0,8402
0,8448
0,8447
1,0729
0,8644
0,8442
0,8465
0,8479
0,8449
0,8705
0,87
0,8945
0,8509
0,893
0,8547
0,8516
0,8495
0,8538
0,8682
0,8731
0,8933
0,8707
0,8651
0,8509
0,8782
1,0559
1,002
0,9387
0,9443
1,1411
0,9467
0,978
0,9259
0,9431
1,0491
0,9275
1,0832
0,8832
0,8843
0,8683
0,878
0,8828
0,8861
0,8805
0,883
0,9365
0,9675
0,8839
0,8848
0,8851
0,892
0,8763
0,8935
0,8892
0,892
0,9023
0,8917
0,8945
0,8942
0,8844
0,8972
0,9083
0,9592
0,9885
0,8992
0,8999
0,901
0,9049
0,9025
0,9051
0,9399
0,9066
0,9085
0,899
0,9081
0,9265
0,9138
0,9125
0,9133
0,9621
0,9235
0,9202
0,9178
0,918
0,907
0,919
0,9195
0,9251
0,9245
0,9361
0,9213
0,9269
0,9244
0,9262
0,9422
0,9663
0,9194
0,9297
0,9326
1,4331
0,952
0,9434
0,936
0,9366
0,9374
0,9391
0,9384
0,9391
0,971
0,9415
0,9598
0,996
0,9443
0,9452
0,9457
0,9467
0,9463
0,9723
0,97
0,9533
0,9574
0,9537
0,9524
0,9535
0,959
0,9602
0,9878
1,0323
0,9617
0,9631
0,9602
0,9639
0,9668
0,9661
0,974
0,9607
0,9595
0,9755
0,9867
0,9827
0,984
0,9741
1,0038
1,0359
0,9651
0,9748
0,974
0,9777
0,9777
0,9779
0,9827
1,0715
0,9795
0,9849
0,9851
0,9839
0,9831
0,9847
1,0464
0,9882
0,9868
0,9886
0,9888
0,9971
0,9912
0,9919
1,064
0,993
0,9942
0,9944
0,9987
0,9966
1,0212
0,9994
1,0021
1,0035
1,0028
1,0054
1,0036
1,0052
1,0624
1,1006
1,007
1,01
1,0095
1,0112
1,0163
1,0126
1,0123
1,2779
1,0153
1,0165
1,0167
1,0182
1,0289
1,0702
1,1816
1,0199
1,0284
1,0227
1,0242
1,0238
1,0257
1,0531
1,0283
1,0282
1,1549
1,0316
1,0307
1,0335
1,0777
1,1186
1,0556
1,0462
1,1458
1,1703
1,0491
1,0413
1,037
1,0402
1,0384
1,0691
1,0407
1,0775
1,0457
1,1228
1,0472
1,0475
1,0479
1,0504
1,057
1,1474
1,0911
1,0575
1,0544
1,0565
1,0562
1,058
1,0814
1,3155
1,0649
1,062
1,0616
1,0642
1,0697
1,08
1,0742
1,0921
1,124
1,0827
1,0705
1,0735
1,1328
1,127
1,0754
1,0936
1,0742
1,0763
1,08
1,081
1,0835
1,082
1,0794
1,187
1,0803
1,0832
1,1145
1,1247
1,0921
1,085
1,0853
1,1394
1,0915
1,0935
1,1059
1,1067
1,1148
1,0854
1,0952
1,0989
1,1183
1,1458
1,0998
1,0997
1,1012
1,1052
1,1015
1,1164
1,1074
1,1085
1,1069
1,107
1,1077
1,1089
1,138
1,1708
1,1123
1,1131
1,1127
1,1148
1,1144
1,136
1,1218
1,1122
1,1195
1,1204
1,1217
1,1229
1,1551
1,2148
1,1661
1,1241
1,1272
1,1371
1,1657
1,1473
1,1329
1,1302
1,1985
1,1323
1,1375
1,178
1,2387
1,1427
1,1438
1,1496
1,4182
1,15
1,142
1,1452
1,146
1,1447
1,1446
1,3122
1,2085
1,2635
1,1572
1,1505
1,1495
1,1515
1,1515
1,1673
1,1551
1,158
1,1659
1,1779
1,1781
1,2268
1,4969
1,1614
1,194
1,182
1,1603
1,1603
1,1916
1,1976
1,164
1,1798
1,1675
1,1742
1,2292
1,2539
1,173
1,1784
1,1817
1,1739
1,1752
1,1842
1,1902
1,177
1,2495
1,1825
1,1803
1,236
1,2627
1,1974
1,1968
1,2227
1,1862
1,1863
1,1887
1,2454
1,2003
1,2037
1,2646
1,2134
1,246
1,2882
1,2059
1,1938
1,1935
1,1943
1,2029
1,2025
1,2135
1,2043
1,2045
1,204
1,2075
1,2676
1,3222
1,2154
1,2118
1,2086
1,2103
1,2461
1,3502
1,2298
1,2361
1,2373
1,2318
1,2461
1,5404
1,2292
1,2194
1,2196
1,2209
1,2217
1,3377
1,315
1,2277
1,225
1,2288
1,2768
1,3153
1,2287
1,3943
1,2329
1,2316
1,2323
1,3787
1,2343
1,2351
1,2587
1,2142
1,2575
1,3428
1,2658
1,2535
1,2564
1,2894
1,257
1,4335
1,247
1,2539
1,2587
1,4253
1,2869
1,367
1,2523
1,2532
1,2543
1,2682
1,3495
1,3576
1,2681
1,2587
1,258
1,2594
1,3099
1,4602
1,2694
1,2608
1,2681
1,2654
1,2736
1,3849
1,2859
1,3171
1,27
1,2902
1,313
1,3479
1,287
1,3719
1,3201
1,2985
1,2789
1,4475
1,2925
1,2802
1,2932
1,3055
1,3409
1,4028
1,301
1,3066
1,5244
1,3138
1,3027
1,5185
1,3025
1,2912
1,308
1,31
1,4132
1,6859
1,2976
1,3812
1,463
1,3881
1,3011
1,536
1,3012
1,3044
1,3709
1,3171
1,3454
1,4271
1,3067
1,3178
1,3076
1,341
1,3578
1,4727
1,3667
1,3872
1,328
1,3153
1,3611
1,591
1,355
1,3415
1,3541
1,326
1,3744
1,373
1,3402
1,3644
1,3439
1,3904
1,4355
1,3456
1,3311
1,3356
1,3764
1,4159
1,3344
1,3507
1,3675
1,3459
1,4418
1,5124
1,339
1,3384
1,3403
1,341
1,3521
1,368
1,3852
1,3439
1,4202
1,405
1,4704
1,3892
1,4404
1,3591
1,4081
1,3533
1,4037
1,3662
1,375
1,3536
1,5716
1,5466
1,3865
1,3587
1,4203
1,3664
1,3959
1,3945
1,4677
1,4634
1,4017
1,4778
1,9109
1,4101
1,3732
1,3773
1,386
1,3772
2,0948
1,4374
1,4061
1,4192
1,4613
1,5877
1,4183
1,5177
1,4122
1,4101
1,4406
1,4056
1,546
1,4255
1,4571
1,5065
1,5402
1,4023
1,559
1,4047
1,4454
1,426
1,3969
1,4373
1,4977
1,4016
1,4825
1,5364
1,4175
1,422
1,436
1,4037
1,4184
1,4101
1,4054
1,4046
1,4577
1,4995
1,6344
1,4207
1,4291
1,4122
1,774
1,4325
1,4171
1,4342
1,4811
1,4165
1,505
1,5462
1,4231
1,4579
1,4335
1,4328
1,4532
1,6385
1,4386
1,4453
1,4598
1,504
1,6
1,4673
1,4292
1,4708
1,51
1,4442
1,6474
1,463
1,4543
1,4392
1,5898
1,606
1,473
1,5017
1,4622
1,4731
1,4975
1,4893
1,4776
1,5251
1,4479
1,5184
1,6508
1,5435
1,4845
1,5315
1,4868
1,6431
1,5021
1,8104
1,489
1,511
1,626
1,5006
1,5013
1,558
1,4768
1,6412
1,4752
1,4656
1,4693
1,5578
1,8461
1,6429
1,6164
1,502
1,5653
1,7259
1,4781
1,472
1,5357
1,5202
1,6259
1,5322
1,5013
1,4855
1,4888
1,6229
1,4916
1,5154
1,5696
1,5383
1,6762
1,5042
1,491
1,5564
1,4901
1,6093
1,5552
1,6446
1,4981
1,5856
1,6589
1,506
1,5212
1,5007
1,5086
1,6182
1,4975
1,5029
1,5371
1,5536
1,6054
1,523
1,5443
1,5151
1,6023
1,6622
1,5077
1,5396
1,5227
1,6215
1,6722
1,5125
1,5829
1,5471
1,5177
1,9672
1,5348
1,5177
1,5388
1,6045
1,697
1,5504
1,5318
1,5245
1,5865
1,7379
1,6108
1,5418
1,5466
1,6881
1,6691
1,7617
1,5819
1,5323
1,556
1,6967
1,5468
1,7224
1,5538
1,6047
1,7163
1,5533
1,6607
1,5849
1,5582
1,6732
1,5982
1,5444
1,5452
1,657
1,644
1,558
1,5625
1,5634
1,5622
1,6666
1,5647
1,5667
1,6697
1,6005
1,7199
1,5596
1,6089
1,6052
1,5857
1,7002
1,5617
1,5701
1,5728
1,7067
1,6674
1,5816
1,6114
1,6051
1,6132
1,6829
1,5709
1,5969
1,5976
1,6275
1,8829
1,5912
1,5895
1,5767
1,5812
1,7005
1,6747
1,6075
1,6074
1,682
1,73
1,6232
1,5996
1,5995
1,6081
1,798
1,7366
1,5944
1,5895
1,6456
1,7055
1,6655
1,6077
1,6082
1,6099
1,7211
1,6083
1,6476
1,6077
1,6867
1,795
1,6105
1,6741
1,6161
1,6166
1,7235
1,6158
1,7436
1,6272
1,7055
1,6427
1,6451
1,6957
1,7766
1,8328
1,7215
1,6802
1,6615
1,6867
1,7175
1,6679
1,6673
1,7405
1,8672
1,7067
1,702
1,6812
1,6873
1,7269
1,7122
1,705
1,7765
2,0302
1,7002
1,7033
1,6431
1,6637
1,6966
1,6704
1,6517
1,7305
1,7331
1,6505
1,7361
1,6534
1,6858
1,6571
1,6565
1,7995
1,8858
1,8365
1,6569
1,6544
1,7099
1,7552
1,6691
1,6737
1,6725
1,8041
1,8482
1,6926
1,6772
1,7072
1,6638
1,6664
1,6631
1,6625
1,7278
1,7545
1,673
1,6722
1,6771
1,6853
1,6885
1,7481
1,6821
1,7459
1,7805
1,6884
1,9078
1,6763
1,7329
1,698
1,6779
1,6998
1,7517
1,7718
1,7337
1,716
1,7249
1,7
1,6987
1,699
1,7073
2,9271
1,9956
1,6926
1,6941
1,7204
1,8607
1,7397
1,7063
1,7132
1,7821
1,8692
1,7632
1,7189
1,7414
1,7239
1,8315
1,7904
1,7348
1,8555
1,8779
2,074
1,7543
1,737
1,7555
1,7548
1,7691
1,7615
1,8765
1,9928
1,8329
1,7307
1,7294
1,7754
1,7686
1,8242
1,7345
1,8161
1,9277
1,7798
1,778
1,7574
1,7852
1,7876
1,7279
1,7448
1,8217
1,9283
1,7707
1,8014
1,757
1,7735
1,7893
1,787
1,8603
1,8374
1,9997
1,795
1,7893
1,8224
1,7688
1,8208
1,776
1,7844
1,888
1,9126
1,8206
1,7627
1,7785
1,831
1,7695
1,7825
1,7544
1,8461
1,9542
1,7605
1,776
1,7701
1,7732
1,8278
1,7744
1,8098
1,9713
1,9754
1,903
1,7836
1,7688
1,7841
1,7851
1,7938
1,8103
1,9324
1,9697
1,8758
1,8299
1,7863
1,8053
1,7981
1,8385
1,8047
1,8993
1,9189
1,814
1,912
1,8745
1,8333
1,8591
1,8873
2,0725
1,9152
2,0652
1,8402
1,9
1,847
1,8423
1,8335
1,8313
1,8094
1,8868
2,1381
1,862
2,015
1,864
2,1586
1,9252
1,8188
1,8549
1,9151
2,0039
1,8136
1,8996
1,8427
1,8569
1,8642
1,8709
2,0149
1,9503
1,8832
1,8618
2,0332
1,8419
1,8899
1,8887
1,9435
2,5128
1,8537
1,8498
1,8593
1,974
1,8303
1,8786
1,8885
1,919
2,028
1,8265
1,9007
1,8497
1,8532
2,0752
1,9229
1,9657
1,9741
1,9248
1,8926
1,8616
1,8827
