0,0032
0,0074
0,0131
0,0179
0,0242
0,0316
0,0385
0,0453
0,0495
0,0595
0,0686
0,0758
0,0802
0,0862
0,0987
0,1057
0,1101
0,1234
0,129
0,1379
0,1454
0,1552
0,1647
0,1696
0,176
0,188
0,2051
0,2083
0,2127
0,2313
0,2365
0,2385
0,2533
0,2651
0,2756
0,5782
0,288
0,4294
0,5316
0,4672
0,4812
0,4972
0,5013
0,566
0,4804
0,3709
0,383
0,4083
0,3982
0,5361
0,4318
0,4836
0,4336
0,4914
0,46
0,488
0,4906
0,4982
0,505
0,5155
0,5314
0,5517
0,6835
0,552
0,5648
0,6172
0,5948
0,5948
0,6464
0,6274
0,6809
0,6275
0,6547
0,6685
0,6779
0,7246
0,6908
0,9492
0,9764
0,7262
0,7313
0,7425
0,7496
0,7553
0,7849
0,7885
1,1399
1,193
0,9775
0,8668
0,8488
0,969
0,8639
0,8719
1,0291
1,7991
1,1919
1,3986
1,5332
1,1151
1,7067
1,2934
1,081
1,4236
1,2123
1,3665
1,7486
1,149
1,3468
1,5706
1,3258
1,5782
1,3194
1,5999
1,402
1,1392
1,5223
1,4971
5,2488
1,7342
1,9254
1,8306
1,8053
1,9276
2,1787
1,6023
1,2353
1,3143
1,8871
1,2861
1,2649
1,2713
1,305
1,3341
1,3276
1,3203
1,354
1,3643
1,3826
1,4742
1,4684
1,4016
1,4127
1,4187
1,8965
1,6213
1,4536
1,465
1,4688
1,6064
1,5026
1,524
1,5211
1,5641
1,7738
1,5352
1,5716
1,5484
1,6264
1,659
1,8174
1,5965
1,6163
1,9905
1,8032
1,6449
1,7839
1,7556
1,6857
1,725
1,6926
1,7456
1,7916
1,821
1,9058
1,8022
1,8061
1,7786
1,8223
1,8038
1,8427
1,8623
2,9056
2,9833
3,002
2,1618
2,0084
2,3727
1,9381
1,9767
2,4523
2,4119
2,0295
2,0386
2,0616
2,0151
2,0431
2,1194
2,0428
2,0875
2,0448
3,0013
2,1051
2,1605
2,0922
2,1157
2,1406
2,7771
2,4899
2,249
2,519
2,6026
2,2645
2,4622
2,5311
2,3514
2,2814
2,9185
2,4003
2,9577
2,9126
2,3119
2,4483
3,0518
2,7025
2,4753
2,4734
2,3825
2,4676
2,3883
2,6624
2,6132
2,4542
2,4652
2,4752
2,5001
2,6223
2,5575
3,0707
2,5846
2,8102
2,6326
2,6125
2,8233
2,5888
2,5845
2,8405
2,6968
2,6186
2,7704
2,6566
2,7865
2,736
2,6775
2,6932
2,6745
2,7393
2,8111
2,7776
2,7919
2,8268
2,8117
2,8697
2,8526
2,8415
2,8199
2,8091
3,0684
2,9297
2,9041
2,8863
2,9171
3,1347
2,9399
3,0478
2,9622
3,0304
3,0421
3,2774
3,1136
3,3363
3,5097
3,0805
3,4448
3,3672
3,7157
3,9341
3,9645
3,2403
3,2454
3,157
3,1605
3,9273
3,1457
3,532
3,2719
3,7785
3,234
3,4059
3,2433
3,3306
3,3535
3,3943
3,3703
3,3728
3,3739
4,1609
3,3401
3,3736
3,4243
3,5926
3,8491
4,1754
3,4551
4,1269
3,5842
4,3144
3,4713
3,4855
3,6262
4,1012
3,5386
3,9941
3,5714
3,6444
3,5259
3,6479
3,964
3,6234
3,6422
3,7034
3,7945
5,4087
4,842
4,831
4,0624
4,3837
4,7248
4,2291
5,1332
3,9044
3,8137
3,8675
4,364
3,9541
3,8571
3,9204
3,8673
4,1231
3,8807
3,9417
3,9071
3,9635
3,9454
3,969
4,1482
4,5023
3,9954
4,5162
4,0458
4,0658
4,0315
4,1397
4,1352
4,0577
4,6512
4,1488
4,143
4,1863
4,413
4,177
4,1346
4,4089
4,4267
4,2642
4,2711
4,5384
4,4782
5,0022
4,74
4,3985
5,108
4,6932
5,6648
4,575
4,7974
4,4551
4,517
4,7176
4,4773
4,3761
4,7963
4,7994
4,5776
4,5864
4,4236
4,4486
4,7671
4,5084
4,5417
4,756
5,1556
4,9178
5,3434
5,3612
5,4282
4,7025
5,2587
4,6744
4,7962
5,2181
4,8111
4,9388
4,7701
4,7205
5,0638
5,015
7,3105
5,5114
6,8078
7,2222
9,2692
7,5292
7,8862
6,8729
5,8157
6,3572
7,2701
5,9396
7,1067
5,8866
5,6479
4,9329
5,4056
6,4872
7,6098
7,4356
5,8382
5,0083
5,0126
5,1814
5,0326
5,7267
5,2527
5,1188
5,1607
5,223
5,0692
5,3139
5,4311
5,2795
5,4241
6,8346
5,5859
5,5916
5,5879
5,5421
7,1215
5,3137
5,2923
5,8742
5,488
5,5243
5,4421
5,419
6,1111
6,9798
5,7106
5,6013
5,5464
5,5819
5,4529
5,4984
5,6141
5,5263
5,5458
6,2275
5,5093
5,6477
5,5927
5,6212
5,6826
5,7361
5,7424
5,6451
5,6456
6,0618
5,9446
5,9055
5,8403
6,1407
6,0427
5,8476
5,6765
5,6033
5,6805
5,9192
5,7158
5,7725
5,7629
5,7984
5,9031
5,8155
5,9044
5,8255
5,8247
5,9348
7,6761
5,9506
7,2648
6,7431
5,9731
6,0109
5,9387
6,0414
6,7936
6,8508
6,9125
7,3255
6,3472
6,4595
6,596
7,9335
6,7408
6,3719
7,0825
9,0679
6,2477
6,4401
6,6961
6,1892
6,3191
6,4081
6,2338
6,5428
6,417
6,608
6,8023
6,3946
7,7351
7,441
6,3406
6,8829
6,3875
6,5576
6,38
7,2401
8,0583
8,1632
8,1121
7,2579
7,9021
7,0783
6,9818
7,426
7,1947
7,23
7,0329
6,7369
6,817
6,6544
6,5874
6,6031
6,5788
6,9017
6,6526
6,6407
6,6804
6,7083
7,2922
7,2118
7,0377
6,7525
7,6594
8,1956
7,5943
7,4258
7,5641
7,8536
7,244
6,916
6,9744
6,9091
6,9832
8,8814
7,4754
6,9597
7,0272
6,992
7,8989
7,6531
7,0391
6,9918
7,1639
6,9294
7,1312
6,9419
7,1752
7,1488
7,2762
7,9689
7,7971
7,7592
8,0993
7,6787
7,8834
9,0559
8,1554
7,3575
8,2181
7,3846
7,2413
7,2428
7,2844
7,2401
7,2958
7,3972
10,5976
8,6328
7,9747
7,5792
7,4111
7,3867
7,501
9,1912
9,8802
8,4183
11,3244
8,6999
8,0038
7,7577
7,5796
8,1942
7,5464
7,6245
8,0873
7,6564
7,7152
7,6204
7,572
7,6531
7,612
7,6784
7,6011
7,6354
7,9917
7,6674
8,6111
9,9151
8,7026
9,2314
10,42
8,0176
7,8268
7,9019
7,8809
7,9816
7,8991
7,9751
7,9259
7,8626
7,9383
7,9255
8,0691
7,8664
7,9439
7,9235
8,0694
8,0023
8,0893
8,1323
8,5259
8,9462
9,4288
9,2192
9,9938
8,5156
8,873
8,7332
10,8641
8,6903
8,2053
8,3035
8,1982
8,7464
9,0298
8,7559
8,8146
8,8898
9,3068
9,6912
8,1919
8,6223
9,3026
8,8971
10,5769
8,6646
8,502
8,4989
8,4059
8,4207
8,544
8,3683
8,5616
8,4277
9,3865
8,4823
8,4383
9,116
8,5092
9,7485
8,6624
8,5259
8,9349
8,6002
9,1527
9,374
10,5983
12,54
9,975
8,9701
9,3177
9,8072
8,6389
9,534
8,9156
9,3645
9,3353
8,8603
9,527
9,0768
8,9305
9,6132
9,5072
8,9253
9,9313
13,3802
12,9407
9,3719
11,2558
10,0008
9,7379
9,8047
9,7871
9,6635
9,2243
9,4328
9,2921
10,2402
9,9515
9,3491
9,8884
9,4077
9,5471
10,4687
12,4325
11,1228
13,0786
9,5723
10,12
10,0306
11,6733
10,0165
10,4823
9,3241
10,3662
10,4879
9,2108
9,8616
10,1651
10,4769
9,6704
9,2246
11,629
11,2919
17,4201
11,0002
9,6233
10,0255
9,6823
10,6571
9,4891
9,6505
10,8456
9,5046
11,4425
9,7017
9,6533
9,8044
10,2513
11,4292
9,676
12,7145
12,264
14,819
10,8842
9,8152
11,3776
12,0782
10,302
9,8433
10,4934
12,8698
10,6942
9,7624
10,0887
10,2572
10,2025
11,0274
10,1999
10,7561
12,6207
12,2915
12,8478
11,1882
10,6382
10,1477
9,979
10,6703
12,0923
10,7321
10,288
10,3866
13,7379
10,5347
10,6615
10,2898
11,6926
12,1461
13,4089
13,6961
10,487
11,047
10,9509
10,4711
12,9241
11,7366
13,5896
11,0678
10,6654
12,6102
11,4792
14,958
11,3439
14,6178
13,4841
15,202
13,4229
11,1923
11,9527
11,115
12,1302
11,474
12,6086
10,732
12,0325
11,1668
11,3222
11,1118
11,9
10,9851
14,7917
12,4268
15,1766
11,7917
13,7883
13,1949
10,9095
11,3027
11,3973
11,1886
11,5825
10,8194
11,6446
12,4385
13,1286
11,6006
12,2297
14,2923
17,679
12,1954
12,4194
12,195
11,1436
12,1111
11,6143
11,5378
11,2221
11,4168
12,056
12,501
12,2276
11,358
15,303
14,0379
14,2567
12,9207
11,935
11,5305
11,418
11,2329
13,1609
12,7094
12,2581
13,0306
12,3619
13,128
12,1881
17,9737
18,9882
15,6731
12,4585
11,3288
11,2633
11,6609
11,7237
11,582
11,3686
11,6105
11,4355
12,5714
11,5811
12,1681
12,593
13,5462
12,1686
13,3666
12,1651
12,063
13,2276
11,6968
11,6483
14,9077
12,0635
12,3179
11,9774
11,8338
11,8878
12,058
11,7446
13,8325
13,1403
14,7991
12,5379
12,6275
12,7711
13,4317
12,7652
12,0551
13,4211
12,1462
12,8095
12,6072
12,0007
12,5057
11,9619
15,5813
14,0624
14,4852
12,6864
14,9214
14,0207
12,89
12,4364
13,6232
12,0725
12,8873
13,437
12,2276
12,1845
12,9966
13,1303
13,8398
14,2981
12,757
14,6789
14,8495
12,8301
12,5986
12,8124
12,787
12,5593
13,0266
12,8627
12,3773
12,2489
14,3594
14,9758
15,2981
12,7835
12,9851
12,7352
12,5278
12,9038
12,9757
14,798
13,7023
12,458
12,688
12,5403
13,6814
14,2502
14,0752
14,5405
13,1752
12,9928
13,5849
13,1573
12,6642
12,8449
15,417
13,509
14,6046
13,3404
14,0883
14,3655
15,2782
13,9155
12,9954
13,31
12,9259
13,905
12,7935
14,5378
13,9713
13,5612
12,8311
12,944
15,1099
14,3207
14,8063
13,3708
13,5659
13,2045
12,8811
12,9477
13,2023
13,2594
13,1784
12,9953
13,0372
13,2299
14,6437
14,6811
15,6038
14,9066
14,7567
13,7824
14,1846
14,2024
13,2949
14,2546
13,2524
13,4063
14,1412
13,8556
15,0203
15,2934
15,1145
14,0137
13,5293
13,9162
15,1378
13,5167
13,3655
13,5029
13,5525
13,4613
13,9637
14,408
14,8757
14,7767
15,5789
15,9108
13,6621
14,0155
14,0693
15,2619
13,5556
13,9852
13,9607
14,2906
13,8196
14,5995
17,193
18,2401
15,0631
13,8562
13,7828
22,2888
51,8981
15,5581
16,3938
22,8283
14,9198
14,6353
14,3795
13,9364
13,7519
13,7268
13,7702
15,1921
13,7584
14,0039
14,3047
13,9407
14,4724
14,9844
15,3971
15,1461
14,3729
15,3259
14,2208
15,2374
14,6563
16,0834
14,8915
14,3536
14,5978
17,4735
15,6275
15,018
15,614
14,6452
14,1394
14,7376
15,801
14,607
14,6432
15,2704
20,5296
14,4268
14,9876
15,4051
14,9256
16,9061
16,3138
16,3948
14,3764
14,4688
14,4001
14,6031
14,4914
14,4737
14,9096
16,2347
15,5168
16,1559
16,518
16,6988
14,6317
15,2626
15,2144
14,7727
15,208
16,1088
15,8445
15,4783
15,9173
16,2301
16,4028
14,832
14,9138
14,942
15,1342
14,867
16,0037
14,8936
14,9869
15,0447
15,8814
15,9176
15,4269
15,6899
14,7179
15,3791
18,2895
16,3439
15,94
15,8458
16,555
16,5441
14,8198
19,1167
17,3726
17,7548
19,7978
17,0443
15,4238
15,491
15,7366
15,4853
15,4295
15,5554
15,944
26,9888
19,3096
19,7174
17,8191
16,5239
