0,1064
0,5604
0,5107
0,4375
0,4763
0,5343
0,58
0,5706
0,4759
0,4664
0,8052
3,1084
0,5452
0,7902
0,5997
0,5546
0,455
0,4413
0,4311
0,4796
0,6756
0,5194
0,5744
0,893
0,5425
0,5042
0,5083
0,6277
0,7302
0,7444
1,0262
3,1569
0,7208
0,7741
0,5439
0,5893
0,5087
0,4555
0,5433
0,4455
0,4458
0,4726
0,4446
0,4585
0,5183
0,5856
0,5526
0,5544
0,5041
0,4808
0,4308
0,4833
0,4352
0,6272
2,1994
0,4605
0,741
0,8102
0,6483
0,4878
0,4943
0,4853
0,4299
0,4392
0,4309
0,438
0,4388
0,4374
0,4442
0,5164
0,4375
0,4456
0,4427
0,4514
0,4677
0,5356
0,4726
0,5117
0,4308
0,7881
0,7016
2,9926
0,6279
0,5383
0,6605
0,659
0,8562
0,7005
0,4537
0,5034
0,5563
0,5675
0,5807
0,5264
0,576
0,5207
0,5106
0,459
0,4363
0,6108
0,5779
0,5114
0,5121
0,455
0,8647
2,6302
0,5843
0,6371
0,5634
0,5092
0,5931
0,6852
0,5442
0,486
0,5547
0,527
0,4945
0,4753
0,4641
0,4762
0,4658
0,5269
0,5594
0,5288
0,5224
0,5664
0,6022
0,1559
2,6272
1,2127
1,0074
0,8918
0,7298
0,5112
1,1062
0,8059
1,0059
1,0876
0,6742
0,7481
0,8446
0,0893
2,1418
1,4193
2,1953
0,7662
0,4736
0,4548
0,5173
0,4963
0,5618
0,4742
0,4664
0,7191
0,711
0,5154
0,4835
0,4856
0,4673
0,5221
0,4542
0,4492
0,4423
0,5492
0,8848
0,4705
0,4237
0,4888
3,1032
0,7294
0,9694
0,648
0,7192
0,823
0,6401
0,6103
1,1279
1,2453
0,7759
0,7375
0,8042
0,7399
0,6683
1,001
0,8368
2,5172
0,8581
0,8881
0,8026
1,288
0,9334
1,1059
1,2177
0,9425
1,25
1,1657
1,1855
2,4316
3,9177
0,0582
1,1468
1,0515
0,6283
0,6787
0,6583
0,6138
0,9693
0,6709
0,7417
0,5611
0,4962
0,4918
0,4809
0,6464
0,4432
0,6987
1,9376
1,0675
0,8
0,5905
0,528
0,5108
0,7379
0,4522
0,4351
0,477
0,4907
0,5407
0,6903
0,4476
0,5408
1,1029
0,5919
0,4479
0,4385
0,4414
0,5719
0,4507
0,4363
0,4446
0,725
2,2184
0,5458
0,919
0,5081
0,5041
0,4521
0,4404
0,442
0,4399
0,4337
0,4343
0,4331
0,4423
1,0071
0,5311
0,4237
0,4423
0,5324
0,5501
0,4504
0,4709
0,4433
0,4438
0,0618
0,8549
0,5693
2,2448
0,4528
0,5318
0,7883
0,7505
0,4505
0,5278
0,4799
0,4733
0,4489
0,4332
0,4319
0,4993
0,4475
0,4443
0,4963
0,4368
0,4369
0,4337
0,4456
0,5254
0,623
0,458
0,4458
0,4429
0,4397
0,44
0,4648
2,3377
0,4488
0,8587
0,9022
0,612
0,5101
0,5171
0,4155
0,438
0,433
0,4478
0,4377
0,4426
0,4383
0,4456
0,4449
0,4339
0,4422
0,4408
0,4675
0,44
0,7212
0,6148
0,5697
2,121
0,474
0,5811
0,8278
0,5895
0,4435
0,4535
0,4325
0,4491
0,5036
0,6072
0,5472
0,4502
0,4588
0,4374
0,4358
0,4414
0,4371
0,4389
0,4489
0,4409
0,4466
0,442
0,4451
0,4336
0,5691
0,5654
0,6443
2,4961
0,5388
0,6366
0,9565
0,4484
0,433
0,4446
0,4424
0,4462
0,4428
0,5274
0,6898
0,4899
0,5612
0,4571
0,4411
0,4356
0,4329
0,4384
0,4326
0,4378
0,4317
0,437
0,4437
0,4352
0,7748
0,5084
3,0194
0,5046
0,535
0,4446
0,448
0,4265
0,4314
0,4427
0,4445
0,4288
0,446
0,451
0,5378
0,7361
0,5104
0,451
0,4333
0,4407
0,4434
0,4413
0,4394
0,4523
0,4412
0,6831
0,5713
2,6481
0,6694
0,4958
0,4619
0,4265
0,5013
0,4351
0,4405
0,4406
0,4355
0,4365
0,4431
0,4309
0,4411
0,5256
0,4392
0,6321
0,6036
0,5091
0,4495
0,4462
0,4378
0,4328
0,4403
0,4467
0,4431
0,568
0,4416
0,7636
2,8295
0,6271
0,4334
0,4518
0,4448
0,4342
0,4476
0,4459
0,4402
0,441
0,4419
0,4374
0,4533
0,4415
0,4401
0,4423
0,623
0,8709
0,5193
0,4347
0,4579
0,5003
1,4053
2,084
0,6241
0,4388
0,4486
0,4478
0,6603
0,504
0,4379
0,4343
0,4513
0,447
0,478
0,4337
0,4448
0,4578
0,4432
0,5404
0,4522
0,4464
0,4425
0,4347
0,4773
0,7896
0,5248
0,4547
0,5316
0,7128
0,4654
2,546
0,9716
0,8075
1,2016
0,7359
0,5875
0,7512
0,9589
0,7243
0,7306
0,6431
0,7764
0,661
0,6626
1,2573
0,7928
0,5362
1,6384
2,2386
0,6576
0,8562
0,911
0,6653
0,5381
0,4382
0,4353
0,4498
0,4495
0,4313
0,5269
0,4424
0,4698
0,4625
0,4672
0,4502
0,4294
0,4418
0,4405
0,5419
0,5708
0,0848
2,3516
2,5994
0,4348
0,533
0,4442
0,4744
0,6572
0,7609
0,6259
0,4844
0,4366
0,4474
0,501
0,4314
0,4418
0,4416
0,4418
0,4381
0,4343
0,4446
0,4437
0,5101
0,5912
0,7716
0,5539
2,3267
0,6106
0,8092
0,6571
0,4357
0,4351
0,433
0,4699
0,4501
1,4223
0,5187
0,5069
0,4431
0,4341
0,4404
0,4369
0,4351
0,441
0,4312
0,4315
0,5175
0,4468
0,4348
0,4412
0,4836
0,6045
0,9269
2,6799
0,4839
0,7398
0,6686
0,4321
0,514
0,4955
0,5191
0,6145
0,5807
0,5085
0,523
0,4321
0,4908
0,5419
0,468
0,5976
0,4549
0,4496
0,4456
0,4586
0,5024
0,4578
0,4576
0,6637
2,4949
0,5101
0,6324
0,6515
0,8003
0,4661
0,4499
0,4457
0,5033
0,473
0,5534
0,8106
0,56
0,5255
0,4593
0,4469
0,4561
0,4576
0,4902
0,4612
0,4525
0,6072
0,9818
0,442
0,576
2,4845
0,5258
0,4673
0,4433
0,4425
0,4469
0,4436
0,4675
0,4474
0,4897
0,4879
0,5072
0,526
0,6331
0,64
0,5106
0,5258
0,48
0,4489
0,4921
0,4293
0,5878
0,4466
0,4446
0,443
0,4585
0,5008
0,6701
3,3245
0,5282
0,5467
0,4924
0,4509
0,4698
0,4499
0,5225
0,4516
0,4489
0,4512
0,481
0,6531
0,613
0,5061
0,7523
0,4437
0,4483
0,444
0,4452
0,518
0,4837
0,518
2,1948
0,6285
0,6271
0,0496
0,053
0,7272
0,498
0,4943
0,4553
0,4478
0,4477
0,5467
0,5172
0,4527
0,4914
0,4731
0,4554
0,4514
0,4499
0,6505
0,6343
0,4823
0,4567
0,5123
0,4773
0,4743
0,4524
0,4507
0,5132
2,436
0,5389
0,9273
0,774
0,5509
0,5156
0,4919
0,4339
0,5479
0,4412
0,4441
0,4477
0,4493
0,4462
0,5094
0,44
0,4939
0,4776
0,6252
0,7161
0,5038
0,4747
0,4341
0,5072
2,1856
0,488
0,6998
0,8802
0,4958
0,4613
0,5794
0,5471
0,4658
0,5159
0,4695
0,4591
0,4374
0,451
0,4683
0,4571
0,4432
0,4641
0,4552
0,464
0,5931
0,4639
0,6076
0,6434
0,5147
0,5607
2,3054
0,5596
0,8765
0,431
0,4551
0,5205
0,5563
0,4558
0,7877
0,3791
0,4908
0,4852
0,5271
0,4801
0,4535
0,7001
1,141
0,5424
0,4392
0,5074
0,4372
0,4733
0,694
0,6554
2,1998
0,4505
0,7967
0,8286
0,4504
0,5114
0,4788
0,4448
0,472
0,4474
0,7343
0,6147
0,6131
0,4511
0,4574
0,4322
0,5215
0,4685
0,4355
0,4455
0,5053
0,4362
0,6606
0,5373
2,7229
0,7135
0,7611
0,4511
0,4604
0,7467
0,8095
0,6659
0,7989
0,8787
0,916
0,9365
0,7752
0,7336
0,6536
0,7652
0,6924
0,7836
0,8043
2,7561
0,7071
0,9573
0,6688
0,8417
0,6301
1,0175
0,6809
0,4528
0,8207
1,2057
1,647
0,5311
0,482
0,4667
0,4803
0,4327
0,5551
1,7937
0,8262
0,8539
0,6151
0,4992
0,4451
0,5567
0,4987
0,4988
0,4695
0,4295
0,4538
0,4632
0,4504
0,4473
0,5347
0,6025
0,6062
0,5741
0,4869
0,4388
0,4619
0,5388
0,4361
0,4797
0,4488
0,5118
2,3001
0,8086
0,8237
0,4994
0,5596
0,4435
0,4729
0,4437
0,5072
0,4956
0,4431
0,4493
0,451
0,4501
0,4823
0,4819
0,4448
1,2599
0,4825
0,4897
0,5172
0,4993
0,4443
0,5732
2,5551
0,8873
0,4554
0,4895
0,5578
0,5043
0,501
0,4152
0,4758
0,4524
0,522
0,4949
0,4428
0,4471
0,4474
0,4483
0,4454
0,5037
0,4823
0,4893
0,6889
0,7215
0,4735
0,5465
2,1761
0,8716
0,684
0,4518
0,4831
0,4557
0,4466
0,4557
0,6481
0,5634
0,5515
0,5804
0,4428
0,4639
0,4837
0,4405
0,4667
0,4583
0,4564
0,4724
0,4516
0,5844
0,4444
0,4482
0,5339
2,415
0,4893
0,7531
0,4225
0,4384
0,4592
0,4445
0,4498
0,4411
0,4592
0,4445
0,6565
0,654
0,5145
0,4881
0,4831
0,5155
0,4319
0,5133
0,4358
0,5592
0,4926
0,4376
0,4652
0,4624
0,4785
0,5319
2,7418
0,4824
0,4791
0,4915
0,4664
0,4475
0,4645
0,4574
0,4963
0,5336
0,4433
0,4486
0,4476
0,5815
0,6241
0,4967
0,511
0,4474
0,4479
0,5326
0,6315
0,6961
0,4362
0,5062
0,4552
0,4416
0,5726
2,6458
0,5657
0,4692
0,5046
0,467
0,4723
0,4538
0,4259
0,551
0,4557
0,46
0,4477
0,4673
0,46
0,6083
0,9909
0,5853
0,5373
0,4805
0,9435
0,5266
0,4927
0,4658
0,4689
0,5667
2,9522
0,4576
0,462
0,4432
0,4511
0,4566
0,45
0,4329
0,4612
0,4994
0,4563
0,4457
0,0644
0,4291
0,467
0,5575
0,7982
0,4962
0,4767
0,4614
0,4607
0,4474
0,494
0,4554
0,4426
0,4723
0,7377
2,7334
0,629
0,5343
0,448
0,5133
0,468
0,4504
0,4608
0,4859
0,4452
0,4679
0,4675
0,4972
0,4824
0,484
0,4269
0,6642
0,6035
0,5314
0,524
0,4435
0,462
0,4972
0,5838
0,512
2,5418
0,4458
0,8438
0,8782
0,4715
0,5047
0,477
0,5042
0,4662
0,4303
0,4512
0,4918
0,457
0,4503
0,5005
0,4584
0,4468
0,4975
0,8669
0,6175
1,4564
0,464
0,4548
0,4444
2,2033
0,5029
0,7052
0,4929
0,6051
0,6669
0,5048
0,523
0,4853
0,4812
0,45
0,4563
0,4389
0,4449
0,4783
0,4789
0,43
0,4469
0,4573
0,4514
0,4729
0,9766
0,7313
0,5148
0,5772
0,5992
3,0928
1,1602
0,9986
1,1542
1,1138
0,6291
0,6755
0,8532
0,8285
0,8156
1,2805
1,7418
0,8919
0,875
2,0677
0,8079
0,8025
0,9966
1,3856
0,9618
1,0363
0,8607
1,5091
1,7058
1,0583
0,8835
0,6618
0,8064
1,9323
0,4856
0,5156
0,5064
0,5471
0,4518
0,4599
0,4416
0,9965
0,5783
0,5716
0,5187
0,5706
0,5441
0,4699
0,4445
0,4448
0,4504
0,4463
0,4397
0,4847
0,4584
0,4908
0,8193
0,7529
2,6158
0,5226
0,4478
0,4936
0,5313
0,4082
0,4498
0,447
0,4446
0,4399
0,6274
0,6996
0,5264
0,4925
0,444
0,6238
0,5471
0,4577
0,4671
0,4477
0,4577
0,5008
0,452
0,6163
2,2926
0,5364
0,4429
0,512
0,4713
0,4724
0,4778
0,4662
0,4501
0,4828
0,5357
0,4707
0,4248
0,4475
0,8081
0,7807
0,5125
0,5546
0,493
0,4831
0,5682
0,45
0,5248
0,4661
0,6944
3,1478
0,5934
0,5742
0,5435
0,5548
0,5468
0,4673
0,4799
0,5807
0,4413
0,478
0,5076
0,472
0,5529
0,6645
0,6086
0,6103
0,6709
0,5013
0,4319
0,5101
0,5061
0,4484
0,5533
2,3581
0,6734
0,833
0,6397
0,5953
0,4935
0,5219
0,5508
0,4352
0,5087
0,5233
0,4551
0,4441
0,5001
0,4315
0,45
0,4649
0,9008
0,4716
0,4805
0,5389
0,4893
0,54
2,1501
0,4846
0,7662
0,4489
0,5083
0,685
0,5801
0,5136
0,5077
0,4494
0,501
0,4413
0,4481
0,4412
0,5006
0,4694
0,4333
0,461
0,4467
0,487
0,4412
0,6394
0,6497
0,5286
0,5035
0,4564
0,5292
2,3064
0,4783
0,4767
0,855
0,5651
0,4657
0,6698
0,8866
0,6106
0,4374
0,4489
0,5928
0,4946
0,4778
0,4503
0,5251
0,4432
0,4503
0,4445
0,4434
0,4401
0,5259
0,5561
0,5579
0,4979
0,7014
2,2752
0,8404
0,5121
0,4215
0,4379
0,442
0,4506
0,5961
0,5357
0,4693
0,4825
0,4606
0,4814
0,4324
0,6285
0,5093
0,5714
0,4931
0,4949
0,6893
0,5975
0,5929
0,7131
0,549
0,7025
2,2689
0,5505
0,51
0,4545
0,4481
0,4358
0,451
0,4421
0,4959
0,6661
0,7587
0,5079
0,5416
0,4711
0,4921
0,4247
0,4448
0,4758
0,4564
0,4657
0,6746
0,4482
0,4425
0,4427
0,4667
2,5364
0,4831
0,6144
0,438
0,4546
0,4579
0,4476
0,4233
0,4964
0,4857
0,4326
0,5281
0,4959
0,7233
0,6078
0,5384
0,5589
0,4432
1,4792
0,4339
0,4988
0,4537
0,4611
0,4669
0,5218
0,4343
0,875
2,613
0,4335
0,5238
0,4482
0,5478
0,4793
0,4643
0,4386
0,4463
0,4455
0,4451
0,4744
0,6862
0,5323
0,5915
0,4478
0,4739
0,5149
0,4336
0,4466
0,455
0,4611
0,4877
0,5005
0,5189
0,5481
3,4485
1,1337
0,6411
0,7851
0,7252
0,6523
0,627
1,1288
1,1073
0,7044
0,6691
0,6574
0,5782
0,7888
0,6482
0,8819
2,3113
0,0828
0,7993
0,8589
0,6033
0,9196
0,6575
1,4112
1,3791
0,308
0,9007
0,6607
0,7755
0,4361
0,4932
0,4459
0,4853
1,7619
0,4532
0,5971
0,6338
0,9147
0,5075
0,4612
0,4477
0,5186
0,4467
0,4671
0,4669
0,4358
0,7414
0,9387
0,432
0,517
0,7471
0,7181
0,5379
0,4689
0,5096
0,4498
2,0944
0,4977
0,4038
0,5031
0,4714
0,4479
0,4556
0,6701
0,5588
0,5088
0,4603
0,5337
0,8425
0,6393
0,8229
0,7376
0,6392
0,972
0,6294
0,6669
0,7935
3,2773
0,7043
0,6265
0,6355
0,6623
0,7376
0,8798
0,6889
0,7661
0,7116
0,878
0,6331
0,5652
0,5306
0,544
0,6036
0,6669
0,8044
1,0938
2,4233
0,7744
0,651
0,6597
0,5593
0,5102
0,51
0,4735
0,5919
0,4993
0,5735
0,433
0,4967
0,5548
0,473
0,4419
0,4742
0,4236
0,4452
0,4423
0,439
0,5148
0,4432
0,6502
2,5582
0,4423
0,4382
0,4788
0,5142
0,4517
0,4481
0,5055
0,7052
0,6444
0,4476
0,4452
0,567
0,6961
0,4959
0,4609
0,5214
0,4454
0,437
0,4292
0,461
0,4415
0,5078
0,4471
0,4428
0,6178
3,0054
0,5092
0,46
0,4318
0,4528
0,4811
0,4219
0,4331
0,4429
0,4418
0,4472
0,4908
0,4479
0,5167
0,5695
0,5386
0,5267
0,4819
0,4443
0,445
0,4518
0,4634
0,4876
0,6768
0,6086
2,2587
0,9409
0,5905
0,4724
0,5229
0,4612
0,4367
0,5049
0,4665
0,4709
0,4385
0,4396
0,4578
0,4497
0,4518
0,4561
0,4475
0,573
0,5566
0,5355
0,7397
0,4383
0,4974
0,4996
2,1355
0,4449
0,5964
0,9039
0,5072
0,7353
0,4589
0,5233
0,4535
0,4403
0,4339
0,5487
0,4715
0,4217
0,4483
0,438
0,4418
0,4405
0,4609
0,4586
0,4259
0,606
0,5765
0,6563
0,4261
0,4381
0,4676
2,4172
0,8305
0,5339
0,4703
0,4186
0,4502
0,5375
0,5296
0,5058
0,4591
0,4298
0,5005
0,4437
0,5388
0,4849
0,4223
0,4372
0,465
0,4256
0,4461
0,4357
0,5236
0,4972
0,9006
0,5427
2,1764
0,6995
0,6467
0,7313
0,4461
0,44
0,4391
0,4367
0,4379
0,6476
0,5078
0,5097
0,4699
0,4252
0,5208
0,4736
0,4355
0,4396
0,4697
0,451
0,4519
0,4436
0,4704
0,4741
0,4588
1,508
2,2592
0,4433
0,7157
0,5148
0,4407
0,462
0,4444
0,4888
0,4353
0,442
0,73
0,5807
0,4782
0,5641
0,4679
0,4473
0,4831
0,4461
0,4534
0,4493
0,4554
0,445
0,4686
0,4429
0,766
2,5671
0,5359
0,5732
0,4379
0,5408
0,4215
0,4381
0,4385
0,4579
0,442
0,4254
0,4999
0,4487
0,5028
0,6255
0,4977
0,5014
0,4928
0,4463
0,4337
0,4455
0,4504
0,4874
0,4553
0,7282
3,4551
0,8811
0,8141
0,7966
0,6298
0,6099
0,7875
1,123
0,6639
0,7747
1,1053
0,8174
0,6743
1,2324
1,9129
0,8139
0,7707
1,0022
0,8474
0,8587
0,6549
0,5863
0,6471
0,7865
0,8602
0,5499
0,434
0,4784
0,4548
0,5165
0,662
0,1024
0,6776
1,0378
2,2303
0,4278
0,5816
0,4325
0,4482
0,5325
0,4462
0,7372
0,9517
0,5713
0,4699
0,5028
0,4411
0,5402
0,4792
0,4286
0,436
0,4526
0,4324
0,5178
0,4676
0,5555
0,607
0,5462
0,5555
2,2191
0,4138
0,6991
0,4885
0,4612
0,4116
0,4344
0,4379
0,4387
0,6218
0,8545
0,471
0,5201
0,4797
0,4866
0,4213
0,443
0,437
0,4867
0,4477
0,536
0,4803
0,4451
0,442
0,4825
0,4078
1,3621
2,5925
0,5294
0,4583
0,503
0,4476
0,5116
0,4934
0,5035
0,4445
0,6832
0,6282
0,4876
0,4793
0,5217
0,4859
0,5088
0,4811
0,4873
0,4854
0,4569
0,7306
0,4605
0,446
0,5209
2,7605
0,5601
0,5154
0,4676
0,4244
0,4459
0,4799
0,4687
0,4844
0,496
0,489
0,482
0,6323
0,57
0,4779
0,6004
0,5184
0,8834
1,0679
0,8857
0,6886
0,4685
0,5115
2,2942
0,6324
0,4132
0,4487
0,4193
0,4617
0,4493
0,4239
0,631
0,4528
0,4413
0,464
0,4451
0,4624
0,4643
0,6765
0,5935
0,497
0,4348
0,4488
0,5189
1,1372
0,6041
0,4821
2,1802
0,8447
0,6328
0,4743
0,5077
0,6076
0,4611
0,7177
0,4503
0,5182
0,5799
0,5002
0,4413
0,5518
0,5894
0,5022
0,6892
0,5105
0,5262
0,4802
0,4142
0,4364
0,4311
0,8915
2,4249
0,517
0,7959
0,7788
0,4877
0,6083
0,5077
0,4651
0,5067
0,4661
0,4421
0,4469
0,4279
0,4375
0,4607
0,488
0,4353
0,4385
0,4858
0,5658
0,6062
0,5068
0,4187
0,4369
0,7103
1,776
0,4732
0,6065
0,4417
0,4234
0,4445
0,4365
0,5271
0,5191
0,5525
0,4366
0,4387
0,5006
0,4414
0,462
0,4393
0,4814
0,4555
0,4422
0,4987
0,4548
0,4485
0,4257
0,4301
0,5549
0,5649
0,5072
0,513
0,7216
2,4712
0,4729
0,7235
0,4479
0,4474
0,4468
0,5802
0,5735
0,5002
0,4585
0,4384
0,437
0,4354
0,436
0,4415
0,4368
0,489
0,4793
